NA
227
3908
NA
NA
1296
520
232
NA
NA
25
204
NA
NA
362
18865
218
1728
NA
NA
3
36
NA
NA
NA
7
536
282
183
320
1163
NA
4603
1654
NA
NA
830
433
58
37
725
14
NA
550
224
1454
31
35
529
3102
116
NA
4220
315
4
4
91
NA
NA
5727
690
180
1
576
82
NA
1
NA
4
650
7
1970
10
NA
NA
1
287
NA
10
411
NA
837
4
6
122
169
4137
NA
43
682
2136
172
43
33
1222
721
52
333
4
445
89
245
174
594
NA
NA
NA
NA
116
3
88
4
NA
746
8
1
394
NA
298
NA
1390
NA
1116
2
120
39
304
3
NA
490
NA
NA
NA
NA
NA
NA
4
NA
882
129
3
67
NA
18
862
144
162
6
214
1
39
3211
413
652
1605
NA
100
NA
NA
NA
NA
266
40
308
518
NA
42
3
6
NA
501
3
500
271
3046
479
366
236
NA
NA
35
20
2624
1039
NA
1615
NA
NA
NA
NA
23
700
176
NA
NA
NA
226
2261
NA
6
74
799
534
NA
NA
232
NA
NA
101
NA
1494
1372
10
510
624
3817
116
14
342
NA
3723
NA
21
NA
2537
NA
NA
1212
172
10
NA
395
1
1269
135
1
906
302
NA
85
293
484
5
NA
502
46
2987
12
45
NA
NA
NA
278
20
7
86
1
24
NA
16
5
NA
213
1
473
285
2380
4178
NA
NA
170
621
NA
30
503
69
264
NA
60
NA
722
187
NA
21
1
868
3
28
NA
132
NA
NA
286
NA
NA
1000
24
12
110
2835
6
905
6079
3
197
66
NA
940
28
NA
NA
NA
35
NA
NA
NA
39
1
NA
NA
21
NA
179
27484
NA
3
3
53
338
78
194
857
292
128
NA
NA
1361
59
261
1
650
102
3250
NA
1006
7
8
2689
92
972
363
NA
NA
209
63
387
154
1540
NA
286
NA
NA
262
1
404
NA
NA
1
1
NA
166
6377
1025
309
21
54
4
4
159
2822
416
1
422
NA
73
3
240
1696
1701
371
280
7
430
502
287
NA
84
13
1278
NA
402
612
1378
1
582
75
87
58
4814
5176
132
NA
211
1
NA
NA
20
NA
NA
2
442
710
NA
NA
23
491
470
1711
443
55
357
NA
8
NA
30
NA
1852
138
1104
5083
NA
NA
NA
138
117
333
4
354
26
NA
8
NA
6
NA
NA
1416
NA
NA
1461
1579
203
24
146
NA
NA
173
80
331
436
NA
40967
NA
NA
396
NA
1
2422
2
2
35
NA
NA
NA
9680
727
1
NA
NA
42
1465
NA
NA
NA
301
137
36
4079
NA
NA
4
NA
6
677
NA
2754
214
21
88
402
NA
5
NA
33
827
NA
NA
736
968
693
438
1057
122
372
1422
332
109
158
NA
2
NA
358
162
2
1
4414
470
NA
NA
NA
NA
313
520
638
558
126
702
358
NA
172
16
63
68
NA
NA
NA
512
3
1937
NA
56
4200
146
902
10
NA
331
NA
NA
144
342
NA
NA
36
NA
185
NA
10
1
477
552
10
1886
13
1
21
1957
2
NA
173
NA
31
NA
NA
NA
NA
266
439
290
NA
NA
1
2286
NA
NA
26
NA
256
1567
510
265
NA
NA
NA
12
1304
1439
2510
NA
NA
NA
NA
NA
NA
9
NA
NA
30
NA
353
NA
853
NA
173
4
64
NA
NA
152
NA
442
NA
NA
NA
3283
27455
NA
683
NA
500
6392
222
228
152
476
8630
NA
NA
9
NA
NA
NA
626
375
NA
631
2501
NA
903
NA
2305
NA
12
714
NA
NA
NA
NA
NA
61
NA
NA
NA
NA
NA
NA
NA
NA
NA
NA
448
3302
330
NA
NA
1010
13754
2
NA
1
30
NA
2753
NA
2
NA
78
NA
NA
2
NA
NA
NA
1
1661
NA
1122
NA
1210
1452
10507
151
1371
151
1920
2
222
NA
NA
378
6
34
NA
NA
1
585
194
493
4
367
129
535
3677
46
1129
94
NA
NA
NA
NA
556
1341
NA
NA
1
1
NA
NA
3
8
NA
231
NA
NA
NA
NA
NA
75
1124
NA
13
NA
246
NA
NA
557
816
47
NA
NA
28
NA
NA
NA
1
3548
490
100
100
641
3
20
421
NA
1683
NA
1954
885
6263
141
84
173
203
307
NA
421
NA
NA
1074
85
34
1685
5147
23
NA
3
4
77
NA
31
2600
NA
NA
NA
1583
188
2956
3
696
2
350
9
NA
570
22
135
2895
95
NA
1600
NA
NA
2906
5650
NA
NA
NA
532
1307
NA
NA
1858
60
57
267
NA
729
NA
NA
NA
8
2095
NA
NA
3
5
14
318
17
NA
NA
91
NA
NA
NA
63
NA
NA
1363
NA
452
NA
NA
NA
NA
142
NA
3
NA
99
152
363
NA
NA
NA
NA
NA
NA
486
12
NA
621
11
NA
365
9
145
36
NA
8
1
1878
2316
17
4
183
NA
180
24
45
38
421
68
961
350
72
9
NA
1900
100
NA
62
1499
NA
357
NA
NA
NA
37
18
NA
1
48
NA
1
NA
NA
NA
4
NA
NA
NA
718
413
NA
664
310
NA
1218
40
1
5
807
562
321
21
30
384
6
NA
1
205
NA
89
NA
NA
NA
NA
415
26
NA
NA
28
212
1
NA
NA
10
NA
NA
314
1
NA
556
NA
8
NA
NA
NA
NA
NA
306
17
NA
NA
NA
NA
3347
858
4052
452
6
61
277
404
NA
NA
5
18
22960
101
480
7
116
NA
120
27
NA
56
78
2534
NA
NA
280
233
NA
NA
393
320
NA
54
NA
NA
73
660
44
946
15
7
27
NA
NA
NA
470
86
NA
55
3
40
NA
2421
NA
722
NA
NA
NA
NA
28
NA
115
NA
448
1677
1
119
169
NA
530
513
58
NA
NA
2
NA
NA
1
3494
NA
NA
1378
NA
NA
74
NA
924
NA
290
5835
54
606
82
NA
44
27
628
NA
128
NA
NA
162
2862
1616
924
1846
6
NA
NA
NA
1
8
1284
116
599
NA
NA
634
54
820
42
178
NA
NA
58
67
6
6
NA
148
2
NA
19
NA
326
12
678
13
NA
NA
NA
NA
1589
181
462
1059
82
7
182
75
NA
168
1047
6
1712
NA
NA
57
1753
4069
152
NA
11
4366
542
158
4
100
131
1
NA
364
42
NA
NA
104
41
NA
NA
NA
64
464
8
3
1719
11
NA
138
682
292
30
22
1323
216
1547
NA
NA
1594
4
2
14
10
5989
2
NA
1
26
39
3
NA
172
24
325
NA
NA
8675
NA
NA
NA
503
NA
NA
124
37
NA
NA
NA
273
24
97
352
NA
NA
NA
NA
931
NA
NA
NA
21
58
495
NA
14
1210
NA
NA
1
NA
NA
66
NA
NA
759
NA
34
245
76
NA
225
1168
72
87
86
301
15
93
29
859
3
627
52
37
148
16
824
3
10
396
NA
NA
360
6
70
NA
126
499
NA
63
1186
336
119
NA
874
NA
258
NA
NA
462
799
NA
NA
339
NA
878
66
381
1409
86
NA
1
146
NA
NA
179
80
918
NA
NA
NA
9290
74
NA
102
1
41
NA
175
492
1495
53
29
200
190
47
NA
622
61
48
536
12
982
112
840
137
946
64
NA
NA
8
504
NA
17
2
NA
NA
28
NA
936
340
NA
NA
137
64
5
6949
524
NA
1071
NA
NA
348
NA
26
73
72
NA
222
16
16
78
50
NA
127
NA
99
15
1
25
5
NA
44
NA
NA
236
NA
219
2358
NA
17
NA
NA
NA
1
NA
1395
104
NA
NA
NA
8924
402
822
68
NA
NA
465
59
105
NA
NA
40
NA
32
257
9
546
251
470
582
590
1
4
NA
NA
NA
93
NA
NA
7
305
226
85
1
298
239
NA
235
609
608
124
2
178
37
84
3112
NA
NA
1076
64
509
22
NA
98
1692
NA
5
33
600
16782
17
NA
NA
NA
179
NA
NA
514
26
30
1023
NA
50
17
NA
NA
NA
28
67
NA
NA
10
24
NA
NA
210
NA
14
305
NA
NA
43
NA
36
378
99
204
158
NA
NA
2515
5
158
NA
7
NA
NA
NA
264
246
NA
NA
333
NA
NA
NA
NA
85
165
1
488
108
278
NA
1069
12
666
141
NA
4344
NA
NA
81
25
2846
28
43
422
NA
48
1530
NA
329
267
NA
610
4
NA
NA
18
NA
NA
111
2432
19
NA
NA
NA
288
9
330
NA
4700
59
1485
NA
NA
575
NA
213
4818
196
NA
375
NA
102
102
NA
2
510
785
NA
104
9
NA
1
NA
435
12
NA
NA
NA
5
2
2
764
64
55
NA
92
334
NA
NA
21
NA
1317
NA
70
NA
1
NA
NA
NA
3
NA
NA
256
721
6
1011
NA
NA
NA
NA
294
715
49
176
9
NA
505
NA
NA
37
51
859
140
180
84
441
NA
4
NA
NA
NA
NA
579
NA
84
NA
NA
272
444
876
NA
NA
1804
NA
1195
NA
NA
226
NA
27
NA
NA
NA
350
323
1391
211
NA
9882
93
114
206
1
228
2
1050
NA
341
43
45
52
7
NA
241
NA
NA
NA
NA
NA
2207
964
54
NA
41
182
NA
2
478
100
569
NA
NA
9
NA
1
1
12
NA
206
1806
1101
692
168
NA
NA
256
NA
385
18
23
2
7200
89
201
NA
2944
2894
NA
NA
306
NA
NA
356
144
NA
NA
48
NA
1336
NA
NA
NA
NA
588
1854
NA
406
15
143
87
414
NA
NA
72
NA
NA
26
NA
10
188
1
1740
NA
NA
535
1399
40
269
262
495
NA
56
NA
82
784
719
289
447
18
87
1322
NA
135
NA
83
1912
NA
675
26
62
316
NA
190
289
NA
NA
372
NA
73
47
487
NA
64
1
1989
882
NA
NA
68
5120
NA
117
21
164
NA
NA
NA
4260
NA
244
NA
95
212
18
156
9
NA
NA
787
156
20
NA
NA
6
611
55
455
NA
285
NA
2
3688
156
561
NA
153
128
195
NA
386
936
473
NA
NA
598
NA
105
NA
NA
1411
NA
NA
1159
1
200
NA
4014
238
382
NA
33
203
113
NA
37
NA
7
1101
872
223
NA
3
250
37
35
2108
NA
126
1568
515
764
827
353
5
101
11
423
NA
NA
NA
392
310
NA
NA
NA
NA
20
130
57
4810
151
NA
166
NA
1702
251
NA
529
1
41
NA
84
35
364
732
41
1218
743
NA
NA
23
462
413
5528
NA
NA
NA
381
227
420
6
849
33
2702
1275
201
NA
3
1052
NA
NA
1908
9547
23
316
67
NA
18
NA
695
65
605
1125
NA
NA
NA
91
NA
132
42
670
3
NA
16
NA
14
NA
377
3799
610
2
3200
NA
191
112
15
43
NA
269
505
1168
NA
NA
NA
142
NA
56
428
NA
170
NA
219
421
NA
1
105
NA
NA
3
2176
NA
420
15
NA
14
NA
248
650
884
NA
104
384
179
502
NA
261
10
580
NA
NA
806
3
NA
NA
6309
1618
176
NA
1154
498
NA
331
2266
NA
21
3
219
NA
11
NA
2641
124
93
1854
75
159
44
NA
4
10853
576
5453
NA
NA
NA
NA
1391
212
NA
686
1
NA
NA
2
NA
2
NA
93
756
25
4
1
NA
1213
1904
NA
NA
NA
NA
NA
30
NA
NA
NA
107
384
NA
NA
531
420
NA
NA
NA
NA
NA
1502
NA
NA
NA
104
13
2
NA
118
153
5492
NA
NA
204
NA
NA
NA
NA
2
NA
14
160
49
NA
NA
688
245
111
6
368
58
NA
1810
NA
NA
193
NA
3
1321
NA
NA
NA
136
153
26
1347
NA
1
1214
558
1405
2
NA
NA
NA
283
1290
NA
14
8742
307
2288
16769
NA
2
10
NA
202
NA
NA
84
40
NA
32
NA
3835
NA
420
2794
64
NA
105
67
1999
2
1500
717
366
106
27
1931
3838
38
220
NA
NA
NA
259
334
NA
1821
18
5558
3
16
1860
376
NA
NA
16
NA
3
NA
NA
NA
780
NA
2
NA
NA
NA
43
NA
32
NA
57
50
416
2165
128
NA
540
NA
NA
58
1206
NA
NA
NA
NA
1312
NA
NA
27
NA
162
1527
8
NA
NA
NA
970
136
NA
NA
NA
16
NA
223
171
NA
NA
11
NA
1888
31
NA
NA
NA
NA
NA
NA
8
72
NA
697
397
3
1008
187
879
4
NA
NA
130
NA
18
5186
578
1407
421
1382
663
NA
NA
418
9
179
3890
NA
90
2349
3210
298
NA
NA
NA
NA
35
336
459
535
NA
279
2145
NA
87
21
NA
365
4801
273
6167
NA
348
NA
NA
12
NA
NA
1122
NA
NA
163
NA
NA
NA
NA
1416
407
155
312
20
NA
NA
NA
NA
NA
NA
NA
NA
1339
4550
332
100
NA
NA
496
NA
NA
8
NA
1299
91
107
209
22
NA
219
NA
NA
39
584
NA
1338
122
NA
1
129
159
NA
NA
487
218
153
237
NA
996
2438
NA
589
NA
NA
NA
1124
384
949
1518
3
682
NA
NA
2
NA
415
66
NA
NA
1983
2812
NA
NA
NA
NA
NA
1950
9
14
NA
2
845
626
NA
58
NA
282
NA
2
NA
11
NA
NA
NA
129
258
NA
99
2618
NA
354
NA
167
NA
307
286
42
1298
NA
NA
NA
270
3
227
8
68
NA
325
NA
432
41
2
NA
456
518
NA
NA
33
694
NA
1046
NA
NA
43
131
NA
NA
83
NA
NA
NA
28
200
903
1
NA
1
NA
914
7226
NA
8
NA
NA
NA
229
102
901
NA
89
42
10
1562
6
70
18
NA
491
NA
NA
93
1025
440
445
440
NA
82
288
NA
NA
NA
NA
1
NA
23752
NA
98
80
20
1254
NA
2102
NA
2376
21
17
NA
1510
NA
NA
NA
2022
NA
383
124
1096
NA
78
NA
7
437
NA
56
80
458
1494
283
NA
1020
314
NA
8
NA
1
NA
3
5
475
500
NA
2547
10
142
788
9
NA
1602
274
2
NA
NA
NA
NA
134
NA
85
NA
NA
185
NA
NA
1359
182
NA
463
509
190
191
3
149
NA
8283
49
NA
808
42
66
NA
450
10
750
NA
NA
160
NA
NA
6883
NA
1
343
5
30
74
NA
1274
NA
108
936
NA
NA
9
1013
1242
NA
832
NA
247
45
4
408
NA
NA
508
37
NA
256
699
384
NA
NA
1
91
1368
34
743
5
466
57
6
1
NA
793
263
3
NA
807
5689
NA
NA
NA
NA
NA
134
NA
NA
NA
NA
1
NA
8
NA
79
411
165
185
4076
412
1928
NA
NA
NA
NA
NA
NA
NA
84
6915
NA
NA
288
NA
678
3
30
400
40
6
97
2
NA
NA
NA
78
365
1474
1223
196
2
96
28
NA
462
528
130
NA
346
NA
2
NA
NA
NA
184
126
NA
NA
NA
NA
1
NA
NA
9214
NA
356
1259
21
NA
848
701
48
868
NA
948
274
1
NA
260
522
2
62
616
6846
NA
NA
NA
28
NA
1
NA
NA
10213
NA
1790
NA
7
2
NA
97
NA
NA
229
NA
NA
NA
NA
529
610
NA
192
NA
101
2683
22
32
NA
NA
NA
138
44
NA
512
334
15
968
2
NA
NA
NA
1
75
175
NA
238
233
422
198
575
NA
31
284
370
NA
19
4
NA
NA
96
14
NA
156
356
14
1134
NA
NA
2044
NA
NA
NA
501
NA
1110
NA
NA
588
NA
17
NA
35
160
NA
NA
363
1
NA
269
2
NA
7
295
NA
12
22
360
2
1797
NA
NA
NA
NA
645
NA
NA
1364
NA
NA
NA
138
NA
NA
152
NA
5
NA
NA
546
13
397
NA
2
NA
NA
2870
111
2041
1438
NA
NA
387
3
461
248
343
NA
NA
2186
386
983
NA
NA
21
1009
1278
113
NA
45
83
NA
NA
NA
426
NA
35
NA
15
149
6539
388
NA
18
NA
60
41
1
26
NA
1628
29
NA
NA
550
NA
111
11
NA
NA
NA
NA
NA
345
687
NA
NA
102
NA
4
358
NA
NA
NA
4
NA
NA
NA
NA
4
468
NA
292
59
NA
48
1067
541
54
NA
4271
24
272
NA
NA
NA
NA
NA
74
NA
152
1
284
NA
NA
47
1758
NA
2481
2
497
164
185
87
262
NA
678
NA
186
190
113
1725
54
NA
329
32
1674
464
153
1049
179
90
NA
NA
NA
184
184
112
1
393
2427
400
299
42
3
50
91
524
837
39
NA
28
NA
NA
942
1343
NA
1475
174
NA
19
NA
64
19
546
NA
NA
NA
NA
113
135
1
146
NA
158
NA
NA
NA
NA
NA
89
2656
86
3
NA
260
105
2763
40
19
NA
398
5
NA
616
31
10
968
NA
520
449
231
169
1296
NA
49
248
1176
329
4
671
8
NA
706
NA
3
NA
NA
1737
NA
202
NA
40
NA
153
13
10
NA
NA
3
NA
334
NA
265
4078
247
666
NA
NA
27
NA
7494
467
NA
144
108
1437
784
10
NA
1204
624
139
NA
1834
40
3
5
1514
NA
1464
1480
614
NA
144
NA
2
32
156
NA
NA
8
1185
1045
17
3
NA
NA
2
NA
NA
NA
NA
NA
NA
NA
6
20
NA
NA
NA
NA
NA
NA
1920
958
4
2139
1
310
NA
NA
415
NA
504
NA
48
50
546
164
NA
106
33
428
92
NA
21
NA
313
1239
344
NA
NA
958
800
96
2352
43
NA
245
NA
NA
16
272
NA
240
9
NA
1559
1619
815
82
51
NA
NA
NA
548
NA
1728
16
NA
3
NA
19
NA
NA
NA
NA
NA
NA
2238
NA
561
NA
102
57
69
82
1071
NA
202
1701
NA
NA
1362
NA
105
36
NA
60
NA
NA
NA
57
54
NA
8
58
21
46
3
356
303
369
475
NA
23
285
668
NA
418
238
NA
NA
209
893
296
NA
480
NA
NA
NA
410
6
50
NA
NA
NA
81
142
NA
35
NA
NA
NA
68
NA
1
96
NA
NA
12
483
NA
534
1791
520
785
566
368
NA
470
470
NA
6
22
2
NA
6074
NA
31
94
NA
22
153
199
NA
1
484
146
1294
NA
771
461
NA
NA
166
945
539
NA
NA
NA
NA
NA
NA
624
210
NA
6
60
452
462
NA
9
237
1
136
11
NA
NA
NA
77
1328
368
NA
596
NA
NA
23
NA
NA
NA
902
55
2
NA
273
NA
38
1
NA
NA
112
9
190
1726
778
NA
3
1879
NA
801
349
2
356
207
1654
1698
NA
NA
161
NA
24
423
452
NA
NA
NA
1082
1542
NA
NA
NA
64
1
1
5
3
NA
1
494
1654
NA
70
201
945
NA
530
NA
NA
174
NA
1718
13
NA
10
984
219
1
NA
184
2
NA
12
16
3074
556
321
NA
NA
163
703
25
1006
NA
20
NA
NA
NA
1375
155
819
NA
561
NA
421
1208
30
14
17
9
NA
21
6741
1204
51
1594
26
628
NA
11
3
12
NA
62
67
NA
22
NA
71
360
35
569
618
NA
NA
1881
12
229
244
NA
NA
508
57
NA
NA
69
226
34
NA
NA
NA
332
138
347
1774
2619
17
465
NA
121
101
101
NA
268
NA
277
NA
NA
NA
173
NA
1311
NA
74
1478
153
128
16
NA
11
209
NA
NA
670
14380
NA
NA
354
NA
NA
1730
704
NA
971
2
NA
397
13
NA
NA
NA
NA
NA
3
NA
27
3852
72
NA
NA
4574
83
NA
4
4
2492
606
11
NA
NA
NA
NA
NA
37
856
NA
136
296
373
172
179
476
NA
338
NA
1
NA
36
NA
294
NA
4
NA
281
12
259
NA
654
15
NA
NA
344
295
NA
NA
77
3
263
920
46
30992
453
670
18
NA
1296
3
NA
3
43
149
NA
NA
NA
7
1271
278
NA
NA
NA
NA
NA
88
NA
1342
587
426
NA
1002
168
NA
3706
NA
377
NA
NA
NA
221
NA
66
79
NA
32
NA
969
110
7
NA
NA
NA
1
NA
NA
NA
4299
789
1955
17
90
2
NA
17550
935
NA
425
NA
NA
NA
282
NA
NA
NA
1
60
26
NA
4
36
32
NA
54
73
76
NA
550
2
NA
NA
NA
NA
NA
167
105
NA
105
NA
1305
531
NA
112
3585
NA
NA
393
42
405
NA
3485
NA
1
8
NA
74
52
1
268
1433
NA
51
NA
438
279
NA
270
3717
30672
NA
1
NA
NA
NA
7619
NA
1
NA
NA
122
12
NA
NA
686
11
34957
NA
NA
634
1
NA
NA
NA
140
173
223
6
77
33
659
NA
NA
NA
271
3
1535
54
17
4656
NA
339
26
NA
NA
42
NA
1363
NA
NA
NA
NA
NA
NA
NA
294
NA
NA
198
NA
928
NA
NA
1374
162
NA
2
5
1160
84
1
NA
1104
4
NA
239
627
674
5460
134
140
NA
NA
335
532
NA
NA
596
NA
NA
NA
NA
2034
NA
72
NA
604
67
NA
38
2502
NA
1
NA
84
NA
806
312
5
6
NA
2154
NA
1
NA
NA
61
NA
NA
108
NA
1569
3
442
505
41
94
NA
NA
1404
NA
NA
368
NA
1155
2696
40
61
109
NA
NA
3335
142
NA
NA
237
1178
212
NA
NA
960
102
12
1
174
474
26
NA
3
NA
NA
21
NA
810
4
965
2
16
64
17
NA
101
NA
8
169
10
9966
NA
NA
113
NA
NA
1
NA
NA
NA
NA
230
NA
4554
NA
275
1142
131
NA
NA
NA
1
NA
NA
NA
NA
7330
NA
NA
368
324
1591
126
301
326
1771
164
4
NA
NA
NA
189
NA
651
394
NA
36
1673
3542
3020
NA
2223
31
428
NA
19
18
NA
16
2388
NA
1
NA
1
112
NA
NA
NA
NA
373
468
44
39
94
NA
NA
198
NA
432
72
NA
176
558
1198
1830
NA
NA
NA
4
2
89
NA
176
2
420
46
383
2
NA
2286
NA
76
3383
44
771
1754
48
1069
522
NA
NA
NA
1
NA
2
NA
123
NA
NA
27
NA
NA
6
203
NA
2351
NA
164
NA
84
90
960
NA
1559
NA
446
NA
316
1568
NA
256
35
73
NA
872
2
521
1
9
NA
NA
NA
NA
NA
339
NA
406
1593
NA
341
NA
NA
NA
809
24
NA
NA
319
20499
NA
333
17
7
NA
203
NA
54
20
72
41
NA
4265
104
11
52
4
NA
532
1615
809
NA
312
400
555
152
880
30
236
4
4
NA
NA
166
6
698
332
523
NA
NA
29
209
NA
134
NA
NA
NA
1
116
32
NA
362
973
NA
748
1
5
1
2932
166
37
600
45
3342
1
924
NA
NA
NA
NA
390
407
NA
59
401
362
NA
NA
107
NA
214
4807
1
NA
NA
NA
NA
472
NA
476
NA
15
NA
58
157
426
NA
NA
1
NA
1
245
447
956
194
66
NA
4
NA
NA
NA
1740
320
708
143
3544
879
NA
NA
12
NA
295
345
102
36
NA
246
164
276
NA
NA
132
227
NA
718
297
8
NA
1048
NA
NA
374
137
881
1
NA
8305
216
7
64
207
438
NA
NA
NA
NA
NA
51
15
NA
395
NA
762
3
2671
4
84
120
NA
NA
NA
NA
1
248
NA
NA
NA
38
NA
NA
4
NA
800
NA
16917
716
402
885
NA
54
216
NA
13
886
NA
8
455
1
392
NA
NA
NA
768
77
NA
205
NA
149
30
2
NA
NA
NA
47
NA
NA
NA
NA
NA
NA
132
119
NA
116
NA
5584
NA
NA
NA
NA
437
113
1176
243
398
50
27
42
NA
29
361
37
NA
236
424
133
NA
5
1023
NA
NA
NA
748
NA
NA
NA
203
7
3
28
34
38
NA
10
49
191
1403
24
79
62
NA
1
1
79
NA
33
NA
NA
119
NA
4
NA
244
76
NA
NA
1398
NA
48
259
NA
NA
3
NA
32
58
156
44
104
NA
6
NA
160
93
NA
NA
11
NA
136
NA
2056
1322
111
NA
321
NA
6
NA
266
1
10
NA
334
NA
6544
NA
1024
NA
NA
NA
17
1396
NA
NA
NA
NA
NA
9
NA
52
3
46
NA
NA
821
NA
NA
54
365
1027
NA
NA
NA
136
NA
90
324
NA
NA
52
48
NA
NA
NA
1208
1502
NA
NA
1046
257
770
1695
NA
NA
462
15
17
NA
NA
973
1871
336
22
562
233
7
909
NA
6966
NA
239
NA
178
225
22
50
NA
NA
NA
1170
55
NA
16
NA
35
NA
NA
NA
NA
NA
365
77
57
2
NA
335
NA
171
NA
58
34
306
NA
28
NA
24
NA
544
138
744
1441
NA
165
NA
NA
19
NA
59
NA
319
8
75
24
NA
NA
NA
34
NA
4
310
976
1
1
33
NA
82
NA
432
NA
412
35
8
693
87
2
587
32
NA
NA
403
NA
NA
NA
864
NA
138
651
NA
NA
7
NA
NA
969
112
94
1
NA
NA
140
62
NA
301
NA
44
NA
462
51
13
NA
NA
1215
2162
NA
14
209
NA
24
214
NA
NA
914
555
108
17
NA
249
24
NA
NA
1584
NA
NA
238
323
292
620
192
18
NA
640
NA
738
155
14
894
137
185
NA
NA
NA
NA
NA
50
NA
1
NA
38
121
1
406
4
13
NA
NA
1
282
4540
NA
87
417
1050
1078
140
1
114
1
2035
206
6558
3
NA
562
510
NA
1244
NA
357
NA
NA
298
1770
974
NA
458
NA
NA
NA
NA
1
112
50
NA
139
139
NA
NA
1752
1
405
NA
130
350
NA
557
1332
207
185
NA
1465
140
953
55
NA
NA
150
524
18
NA
8
44
238
NA
NA
NA
107
NA
NA
26
13
461
1333
651
NA
214
NA
1
75
NA
117
385
20
118
206
NA
21
211
9
631
NA
317
NA
624
NA
270
3066
338
115
902
8
50
133
58
90
175
NA
NA
NA
807
45
20
46
99
6
85
NA
2925
1011
1287
52
30
NA
16
NA
8
NA
NA
6
NA
385
1381
109
1848
72
283
NA
NA
NA
NA
1768
834
NA
NA
232
NA
NA
NA
NA
551
1420
460
16
NA
13048
NA
NA
NA
94
102
10
252
446
NA
384
NA
NA
414
57
100
138
136
394
1
1202
186
6
30
261
NA
NA
NA
NA
58
63
1
118
169
392
78
NA
439
NA
NA
NA
780
261
747
682
857
19
NA
220
NA
6
1
711
NA
21
111
244
175
44
1090
NA
NA
110
NA
48
609
47
NA
NA
NA
NA
NA
90
42
NA
148
389
285
14
489
NA
NA
NA
407
28
36
205
NA
NA
52
35
NA
285
234
1240
1
NA
97
NA
NA
NA
550
583
NA
5338
99
20
377
258
NA
NA
NA
166
NA
110
329
572
354
146
NA
76
2
69
NA
NA
NA
1504
NA
302
NA
221
45
369
44
NA
2
242
147
NA
NA
20
340
151
NA
144
2267
6
NA
2
825
1
337
7
62
NA
72
NA
2608
189
NA
114
150
NA
NA
NA
NA
59
NA
NA
NA
963
3564
NA
1
NA
258
NA
NA
42
NA
NA
66
1167
153
112
7
767
NA
NA
7
NA
373
68
NA
2544
1
96
NA
87
19
NA
NA
304
148
44
71
166
NA
181
352
1
13
NA
NA
9
NA
NA
18
NA
7
14
24
NA
23
6
46
NA
NA
NA
9
NA
95
439
NA
6
NA
NA
NA
NA
NA
1450
772
117
NA
116
57
2954
NA
6
NA
660
9918
140
482
NA
NA
NA
326
83
2149
1072
2
85
NA
NA
NA
3
928
5
NA
56
675
2
435
NA
50
925
NA
954
170
145
359
NA
6
758
NA
75
437
NA
NA
NA
NA
613
NA
3944
NA
317
14
NA
NA
12
102
1662
464
NA
353
537
544
633
374
NA
99
4976
10921
112
1
221
140
97
145
282
622
724
14
NA
20
NA
NA
80
NA
27414
3070
466
519
240
NA
166
NA
20
7
NA
NA
38
30
4
131
NA
NA
2815
247
NA
1712
1
220
NA
119
NA
422
NA
200
904
716
364
117
1958
NA
1038
NA
NA
1
NA
124
NA
395
1
NA
271
393
402
182
192
NA
1
2530
NA
NA
NA
2
10
1
2020
208
56
2
33
NA
237
39
NA
1337
15
402
22
54
38
4
244
NA
26
2
148
118
330
271
1434
2315
40
NA
143
2394
NA
9
6
1282
34
19
32
NA
895
183
108
NA
628
11
312
1034
3
NA
1566
NA
79
424
87
NA
11
6764
1
NA
NA
210
NA
432
1
34
NA
1
56
NA
374
NA
NA
101
87
32
NA
6
NA
NA
NA
53
299
NA
NA
729
NA
NA
196
NA
1130
693
NA
NA
310
75
114
87
18
2283
NA
NA
NA
NA
63
NA
293
13
267
12
364
420
384
NA
NA
84
212
20
1
NA
NA
NA
10
120
379
10
NA
373
1696
NA
NA
509
1788
NA
506
318
40
1802
11
NA
1020
NA
NA
NA
NA
123
1
525
483
3049
3555
1
43
NA
49
NA
NA
NA
NA
172
26
553
1355
7
4
8
NA
1414
179
1
NA
116
NA
825
NA
150
NA
NA
20
385
NA
103
NA
NA
NA
137
NA
NA
214
NA
204
2
4149
980
NA
NA
NA
NA
594
NA
540
4
84
NA
NA
NA
NA
654
NA
NA
352
321
92
NA
127
NA
1150
20
21
NA
8
NA
NA
44
81
2
627
159
12
197
NA
NA
37
92
NA
308
NA
NA
NA
1644
171
85
NA
120
818
148
90
1056
1671
32
NA
NA
NA
160
130
490
NA
NA
495
312
362
660
NA
1
NA
36
376
NA
4
NA
621
NA
4
NA
719
212
933
205
396
1
34
NA
748
NA
629
7
25
NA
NA
NA
NA
173
183
1
NA
19
11
9
252
292
NA
NA
41
NA
51
NA
NA
NA
NA
309
305
303
NA
5
38
92
NA
NA
NA
NA
38
529
NA
2
273
NA
26
NA
2
NA
35
NA
NA
92
93
810
NA
NA
21
98
NA
NA
NA
NA
25
909
6
90
13
495
126
324
NA
NA
457
NA
NA
NA
1474
544
214
268
16
NA
NA
NA
NA
1136
NA
75
1260
546
1927
NA
NA
636
839
996
775
32
140
111
230
1747
NA
229
NA
1074
38
8
1258
24
596
NA
38
44
135
NA
NA
53
72
NA
5
NA
NA
12
NA
NA
NA
NA
208
2
375
9
NA
58
20
27
NA
NA
NA
3
2
NA
NA
624
NA
NA
8
NA
NA
NA
32
300
NA
233
944
772
194
183
NA
18
NA
18
240
302
102
598
NA
7
NA
NA
NA
33
69
94
13
420
NA
NA
NA
NA
153
280
1604
NA
370
1316
74
35
52
15
95
181
70
611
NA
800
164
NA
25
60
NA
NA
254
NA
227
232
NA
NA
1
NA
NA
8
8
NA
NA
NA
571
113
NA
NA
31
76
2381
80
1
126
137
360
475
759
862
1
NA
121
470
45
162
NA
NA
161
12
172
460
NA
NA
14
NA
44
90
NA
NA
NA
NA
NA
235
955
NA
NA
NA
NA
NA
6
64
104
321
NA
404
33
305
3833
NA
NA
NA
NA
3
NA
NA
NA
NA
NA
NA
NA
447
8
32320
NA
NA
433
NA
125
163
153
6
NA
NA
2
4047
NA
8
191
2
21
1
NA
3557
NA
NA
18
608
1968
NA
114
NA
92
24
620
84
14
639
3
NA
2
196
1
435
301
NA
NA
NA
210
324
162
1376
34
16
3
477
NA
2552
NA
NA
47
NA
NA
NA
2213
23
NA
NA
29
211
92
142
NA
341
459
2089
190
36
NA
NA
45
898
NA
NA
212
NA
NA
606
291
NA
NA
NA
248
NA
NA
2413
NA
229
674
NA
241
NA
NA
3
129
1
NA
NA
NA
1386
NA
2664
NA
2506
18
NA
NA
487
501
4
1840
826
NA
NA
NA
1517
70
36
NA
208
NA
18
13
NA
72
933
NA
240
36
NA
NA
243
18
NA
NA
NA
16
NA
338
326
12
192
1111
431
NA
NA
NA
24
NA
14
NA
475
16
1175
NA
488
NA
NA
3040
NA
10
NA
5
26
474
3603
343
68
NA
812
893
108
2
30
6
5224
NA
NA
30
391
384
NA
12
2150
429
19
21
242
396
NA
5260
250
NA
1
1
NA
672
NA
366
574
456
125
424
7870
894
270
NA
1946
NA
1186
415
NA
34
488
27630
124
NA
NA
4776
77
297
6
NA
1173
2504
6
2
NA
NA
NA
76
4
2628
274
171
NA
NA
NA
503
129
258
124
169
1495
NA
23
1
NA
NA
624
8
1303
NA
5
285
NA
1252
3
298
720
NA
27
NA
NA
NA
48
582
NA
NA
NA
NA
NA
60
1003
1536
14
180
106
221
450
NA
189
30
369
608
NA
171
NA
7
75
236
1
NA
18
289
NA
90
498
NA
60
21
1747
NA
NA
NA
1210
85
76
36
87
130
181
NA
NA
NA
6
448
105
NA
617
193
408
115
NA
21
27
NA
16
70
1109
NA
779
441
820
9
54
NA
487
267
NA
NA
44
57
136
NA
8886
27
NA
NA
14
NA
17
20
NA
NA
174
2731
129
30
363
NA
5
477
26
NA
805
965
14
502
16
438
NA
NA
NA
NA
NA
NA
NA
NA
NA
930
NA
NA
2436
NA
268
261
NA
1
NA
NA
NA
NA
144
NA
2146
3
61
NA
799
590
96
226
152
NA
38
168
384
874
212
654
49
NA
3262
3146
231
114
NA
2138
261
NA
2
NA
177
3
3
NA
14
156
NA
3
43
NA
2433
NA
79
2
5
NA
NA
152
11
997
NA
7
1694
NA
NA
325
NA
431
15
86
NA
NA
NA
16
6
NA
NA
42
656
NA
NA
1
NA
NA
NA
141
NA
97
NA
NA
NA
NA
1023
46
NA
NA
1165
1666
NA
NA
NA
NA
3294
62
NA
NA
358
47
650
5
282
122
NA
NA
NA
NA
1018
912
12963
NA
372
52
96
NA
NA
440
NA
372
80
NA
NA
NA
NA
NA
NA
NA
NA
86
129
247
782
4
98
NA
247
299
288
28
597
NA
768
NA
NA
26
6
1007
149
30
146
426
503
61
362
6870
136
NA
1797
98
594
11
16
NA
NA
297
NA
874
NA
NA
NA
NA
NA
NA
58
5358
18
NA
NA
137
NA
NA
NA
NA
214
NA
972
1091
NA
69
4
NA
NA
NA
NA
NA
1272
NA
NA
60
160
9
1529
48
1061
317
2835
NA
300
349
3
NA
NA
NA
NA
288
NA
NA
158
NA
4156
NA
NA
NA
NA
253
128
NA
127
NA
1204
NA
NA
15
113
28
717
756
85
NA
6
55
292
2090
22
NA
3
NA
NA
418
2823
NA
NA
286
NA
705
16
1
145
NA
221
8609
NA
NA
2715
13113
17
18
NA
NA
2132
272
NA
141
108
1846
4063
46
4
84
NA
151
50
68
1309
537
184
27
502
NA
138
NA
36
NA
NA
128
NA
1112
69
16
117
NA
NA
674
9
2926
NA
9
NA
NA
NA
713
80
285
NA
34
2400
926
813
2
1534
3
283
NA
NA
NA
113
NA
2049
NA
NA
160
1366
NA
NA
NA
NA
NA
2
36
NA
92
205
7
NA
NA
4
NA
28
73
1391
96
NA
56
18
NA
NA
1138
49
NA
25
683
2
NA
2383
870
226
60
53
1243
438
NA
NA
14
36
NA
1287
36
330
35
206
NA
NA
NA
NA
NA
149
NA
12
101
NA
NA
154
337
1
22
1463
NA
NA
47
NA
NA
649
402
990
10
NA
459
332
514
NA
NA
3712
708
335
1659
NA
158
3009
25
NA
NA
NA
223
NA
4403
NA
NA
NA
NA
664
23
NA
483
NA
NA
5
4
2585
NA
NA
NA
NA
12
11
NA
NA
2379
NA
NA
3521
NA
NA
NA
NA
NA
159
187
NA
260
NA
NA
2078
196
NA
21
274
20
NA
3580
NA
4
448
NA
NA
NA
167
32
6
470
NA
NA
NA
981
574
119
NA
NA
NA
770
NA
2
1892
NA
3752
22
387
244
675
2
NA
2715
927
1
1447
871
191
241
NA
6
565
472
NA
NA
NA
39
364
246
2348
1754
41
1029
1785
NA
NA
NA
6
12
NA
168
18
NA
1339
NA
NA
57
NA
40
153
NA
NA
NA
NA
408
300
NA
2
NA
NA
NA
NA
NA
NA
7719
366
NA
4
NA
NA
NA
NA
89
234
121
NA
NA
96
NA
133
1186
84
4
NA
96
NA
NA
56
48
123
191
2
NA
NA
4302
NA
453
NA
3080
NA
876
NA
NA
29
1494
120
NA
1
NA
121
160
23
817
3
1
34
43
NA
NA
226
651
NA
2400
989
309
NA
399
NA
2385
2474
31
1320
NA
NA
NA
692
NA
120
NA
220
1648
NA
NA
2513
2793
189
NA
1120
134
1854
377
268
NA
1212
6
92
10
8
NA
NA
NA
2381
NA
NA
NA
NA
NA
NA
39
475
NA
760
NA
1
NA
761
1
206
948
8
65
NA
NA
NA
5932
NA
191
1
3
3131
403
812
1404
NA
NA
9
2348
NA
156
NA
767
NA
NA
98
644
449
97
NA
NA
245
NA
NA
2
28
NA
154
3125
20
111
397
62
516
524
4759
494
NA
NA
NA
34
70
172
NA
991
NA
NA
147
68
3
429
NA
334
240
NA
NA
NA
NA
149
24
202
NA
NA
130
169
NA
206
NA
26
1176
35
NA
NA
NA
NA
4
240
NA
300
8
147
15
NA
62
1336
294
43
172
16
1256
NA
6346
NA
NA
97
916
179
103
NA
146
502
280
1500
196
NA
33
NA
NA
293
NA
NA
35
NA
NA
251
169
136
NA
7
NA
NA
NA
NA
NA
208
115
74
NA
318
126
94
1212
NA
1
NA
NA
711
13
37
NA
298
66
277
6633
306
6093
NA
4
NA
1
16998
57
NA
156
47
222
159
58
139
18
131
5
10
454
462
NA
330
NA
NA
NA
178
160
NA
364
751
299
126
80
548
163
31
NA
97
46
993
NA
NA
NA
395
76
627
1207
NA
283
1132
2016
7
960
50
5
1
NA
NA
NA
NA
451
16
146
NA
1442
658
NA
NA
116
142
NA
NA
NA
1
NA
16
NA
NA
NA
635
NA
NA
8339
NA
NA
NA
NA
NA
4191
124
29
NA
NA
68
NA
NA
NA
4
NA
NA
NA
NA
NA
NA
NA
88
345
12
6759
NA
NA
NA
7
2
NA
146
180
NA
76
NA
NA
412
14
1342
65
2
171
227
106
240
NA
136
977
73
683
158
NA
NA
NA
925
NA
4
NA
2
NA
1
101
491
94
300
515
23
315
3
407
44
660
2
NA
NA
95
NA
36
83
1574
1
1365
346
945
96
26
NA
835
87
762
NA
469
193
2
1213
400
NA
138
84
46
1094
2547
2
NA
NA
1044
NA
811
NA
NA
NA
962
NA
1
NA
117
NA
5
35
1435
NA
NA
NA
346
5
NA
NA
50
NA
279
NA
119
3215
NA
2348
3774
6
768
NA
NA
287
1471
5
69
NA
1
111
NA
NA
NA
NA
71
NA
18
1192
18
NA
465
14
1406
2187
296
280
NA
888
NA
36
1596
1565
37
440
677
1300
NA
124
NA
379
NA
1
NA
7
NA
12
5
819
42
NA
802
276
81
336
1113
457
683
2056
118
285
611
432
1
NA
316
NA
688
NA
29
NA
6
471
22
292
4584
111
12
353
299
NA
150
12
337
113
NA
20
NA
46
1367
1
87
40
NA
99
17
65
NA
1483
27
154
NA
NA
NA
9
32
18
NA
171
NA
115
8
115
2
1473
23
NA
103
2
303
155
507
19
91
NA
1
414
NA
350
910
39
711
61
1764
195
NA
NA
154
40
80
1404
NA
358
NA
693
19
1942
NA
45
242
1248
106
NA
18
NA
NA
4775
4826
714
566
263
324
172
438
2
1
432
152
209
212
NA
41
1086
952
1975
12
1822
392
78
11
NA
282
6202
NA
NA
1192
NA
293
NA
6302
NA
369
3
331
61
NA
1
341
2468
245
66
26
53
NA
1731
NA
107
131
1066
1
219
519
51
129
52
1312
NA
164
NA
29
240
185
4
2156
151
191
NA
126
190
342
547
NA
3
265
762
731
167
109
NA
998
NA
2074
NA
871
330
504
66
849
249
28
316
1469
197
680
93
7
81
3701
NA
NA
894
79
13
8
563
1455
183
548
352
19
238
477
631
180
162
NA
30
390
20
NA
1
4
7
NA
118
60
69
82
97
NA
3
8
NA
978
NA
NA
5
NA
36
260
28
36
83
NA
332
188
NA
74
9288
NA
1
609
8
203
284
NA
125
1
NA
NA
157
224
130
664
533
325
579
6
742
105
616
8
642
1006
1032
1252
339
33
2964
14
NA
313
8
50
NA
14
772
66
6
2049
2499
984
13649
33
268
376
1
NA
NA
NA
34098
117
NA
584
52
64
569
3
NA
NA
728
119
NA
92
522
203
10
28
1088
420
NA
714
228
1084
442
56
1654
7
37
97
70
6
388
304
540
2486
426
1982
1267
97
133
559
5
1437
22
NA
662
NA
1518
25
NA
23
371
NA
1
143
NA
812
522
NA
39
1
362
10
456
822
165
NA
224
188
889
708
526
3619
280
409
320
14
NA
31
213
1763
461
463
2118
283
4008
429
827
957
8
983
104
3908
55
497
477
10
170
1090
NA
1
7
NA
1125
NA
287
80
250
198
8
43
206
47
110
NA
7
NA
20
NA
NA
323
10
NA
156
NA
NA
2
77
NA
NA
189
NA
NA
1
219
111
646
2
126
NA
4756
185
72
13
1055
206
2094
562
5
NA
81
1244
77
58
379
2
5
778
91
492
396
93
145
NA
304
NA
187
340
12
278
984
1266
4853
145
93
825
238
80
NA
2
1831
175
117
316
NA
27
2094
NA
1
249
NA
100
8428
2
12
153
NA
138
78
1302
6
33
245
NA
82
17
30
20
190
750
2
153
476
792
136
12
NA
4048
23
45
1
NA
200
NA
2545
19
278
150
48
365
9478
14
54
1736
NA
136
NA
21
55
NA
11
1
952
4456
NA
NA
218
NA
NA
NA
1
NA
8
116
NA
NA
205
NA
112
471
NA
18
NA
476
2288
NA
NA
36
297
44
NA
450
NA
NA
266
6484
1033
79
NA
1
NA
3171
838
504
53
14
15
946
402
196
260
2492
NA
5
NA
NA
20
8
973
2
NA
255
2237
NA
52
652
18
NA
NA
8189
NA
38
4
361
NA
2994
82
6
NA
4
3
948
140
299
6
31
1113
1055
8
845
NA
75
217
42
254
985
3454
15
NA
NA
12
36
17
2
199
133
388
483
NA
65
131
2373
6829
3
NA
17
7
NA
2394
NA
NA
77
36
1090
2556
746
127
NA
128
1360
301
93
346
NA
25
166
1112
1
NA
192
NA
846
415
153
632
1023
8
8
3063
1
3096
259
2426
1323
NA
845
69
66
152
2
523
25
44
36
NA
152
3
NA
323
7
791
547
136
303
1809
2
9
NA
96
NA
328
1
3379
393
NA
1
15
49
NA
94
307
5
134
106
501
35
144
NA
NA
NA
417
23
NA
127
99
126
31
752
NA
98
1
27
NA
NA
NA
98
146
122
176
169
229
330
638
969
514
NA
NA
52
211
54
80
NA
362
299
NA
24263
98
207
142
NA
645
308
56
NA
4
15
58
NA
286
275
251
434
NA
NA
64
79
6720
39
1845
NA
329
210
2405
56
329
239
NA
NA
1203
900
NA
NA
NA
246
12
1
20
67
820
701
17
1515
706
413
894
1099
553
15
12
54
25
1
NA
7
21
NA
NA
1480
NA
107
NA
14
758
8
752
704
NA
813
1
12
70
614
564
14
NA
NA
NA
2177
123
2303
23
67
2
2376
134
NA
1
316
NA
NA
420
87
NA
147
98
NA
7
1070
114
1089
122
131
NA
206
NA
146
6
708
274
575
NA
15
1838
361
NA
30
291
1747
225
562
276
3048
1630
2133
NA
308
103
270
2774
NA
28
181
2203
NA
NA
NA
NA
NA
40
NA
NA
65
NA
24
502
354
1228
45
182
82
NA
2365
67
2
9867
269
445
198
361
189
180
228
249
804
433
461
63
NA
940
229
NA
NA
NA
1557
NA
3
168
114
1121
184
NA
56
NA
1
639
1
216
648
83
29
NA
NA
19
223
NA
40
134
99
1076
392
317
NA
NA
70
453
49
586
901
473
1
458
6
163
90
1083
204
32
94
154
NA
255
150
23
56
252
12
NA
13
NA
58
134
761
518
206
2
421
837
430
3
16
NA
1234
5
1
218
273
1
358
2875
271
1295
84
NA
49
72
NA
NA
1338
847
139
NA
110
258
2
NA
68
150
125
7
183
NA
268
286
291
456
10
7
NA
NA
NA
201
4
610
38
173
16
87
797
940
NA
127
1628
NA
254
NA
848
4801
55
2
2
232
NA
27
253
496
169
897
165
NA
28
755
6
2292
266
1413
205
NA
339
26
2082
2207
139
19
300
NA
326
776
NA
NA
689
NA
86
7
349
NA
161
55
555
81
29
NA
NA
280
54
222
696
NA
18
NA
NA
NA
66
5294
185
34
NA
613
6
99
112
31
NA
59
NA
165
2072
186
NA
178
102
6
126
2182
NA
5276
26
616
112
152
11385
242
306
3927
2526
65
NA
431
977
71
1
451
708
404
5
450
NA
NA
99
NA
12
79
92
NA
150
1914
40
NA
658
104
496
74
251
396
42
320
162
182
43
1224
1106
1090
28
1450
2
27
2362
1
438
1
2073
398
648
1
361
59
310
NA
134
198
372
NA
183
3
5
NA
NA
8112
164
169
390
9
6
21
1611
49
19
162
447
56
277
129
1
335
265
4
NA
513
2962
310
628
18
7
NA
NA
NA
1315
40
7
7
67
7
NA
158
19
5
135
2
1
2
21
2
99
67
840
NA
53
8
NA
10
620
1
5246
77
1078
689
159
620
79
149
18
423
450
28
57
NA
939
14
1
42
NA
NA
4
NA
842
NA
NA
298
NA
142
57
316
161
3
72
291
714
NA
NA
27
5714
784
123
2590
304
3110
43
NA
2912
345
14
310
NA
72
346
13
34
10
57
20
849
59
1
1482
915
98
10
11
25
4
NA
813
76
584
63
NA
10
398
1079
93
23
919
2
609
3
14
464
21
14
3102
155
NA
5006
436
233
1549
76
158
451
101
NA
NA
8
3
8
852
NA
6
9
139
38
688
21
NA
118
NA
32
136
749
460
NA
19
376
741
NA
250
148
22
NA
2228
54
NA
NA
13
NA
33
1191
640
NA
NA
NA
162
570
27
NA
1785
46
14
9
NA
6
9
530
1
72
72
174
1086
118
474
349
2
39
14
NA
507
1616
1
74
48
681
70
40
454
7
75
95
1272
1786
79
110
1168
NA
15
30
NA
246
2
135
NA
NA
NA
NA
427
4
707
1114
145
1451
423
33
246
NA
NA
NA
1220
67
NA
NA
NA
20
NA
89
107
470
NA
235
393
646
NA
NA
209
25873
NA
364
87
NA
2010
45
80
177
4
83
1
23
1
12
2
414
NA
46
34
1
948
NA
NA
1
7
1280
1392
4
264
162
2567
1937
20
696
NA
222
75
1872
NA
NA
2
488
71
802
127
140
440
NA
391
161
5
26
25
88
NA
NA
10095
16
6
118
152
NA
NA
2228
NA
NA
618
NA
66
69
29
88
131
343
161
1
NA
29
12
96
NA
NA
NA
169
NA
411
122
1
NA
NA
333
30
42
30
127
419
NA
NA
2
493
1
570
NA
260
124
30
61
2
358
NA
785
NA
988
NA
691
70
452
140
NA
NA
681
NA
NA
NA
NA
NA
NA
58
782
48
44
68
NA
16
150
NA
NA
46
NA
397
25
NA
162
19
25
NA
NA
NA
111
NA
4726
3
NA
44
NA
9
NA
NA
NA
668
2
1
55
265
433
NA
5
NA
NA
NA
NA
174
12
48
307
NA
NA
12
95
NA
NA
2009
772
675
1435
69
192
NA
1
858
943
742
42
4
431
NA
NA
12
NA
NA
342
119
NA
209
NA
NA
NA
NA
NA
NA
NA
NA
224
NA
415
141
87
60
NA
NA
NA
369
NA
177
175
167
2
1
NA
2
208
453
561
NA
12
NA
NA
NA
6
1050
214
3
NA
2
NA
NA
NA
NA
191
NA
NA
NA
445
135
NA
NA
NA
7
11
NA
4
140
1881
51
427
9
84
NA
NA
64
115
NA
44
NA
30
NA
NA
NA
NA
16
NA
44
52
NA
66
572
512
5487
315
NA
NA
152
469
3
1253
1
NA
NA
NA
408
140
NA
NA
12
460
NA
634
NA
3
116
NA
NA
103
NA
261
NA
29
6820
NA
NA
376
69
129
95
15
NA
7
NA
283
208
589
220
370
340
82
NA
18
NA
NA
22
NA
189
9
14
349
116
2
NA
428
NA
534
190
53
NA
9
1
765
NA
25
2
NA
22
NA
80
NA
NA
132
5
402
NA
76
NA
219
120
NA
NA
NA
6
NA
1
1333
231
NA
453
908
37
13
406
1270
NA
NA
NA
NA
NA
NA
NA
NA
4
NA
NA
NA
NA
17
11
NA
NA
1
709
146
396
45
69
48
12
NA
7
NA
15
18
131
90
NA
NA
NA
1600
310
NA
NA
NA
NA
NA
67
432
187
551
462
920
283
742
NA
308
485
NA
24
NA
NA
898
NA
NA
277
1
4
701
81
29
NA
NA
NA
116
73
NA
50
NA
234
150
NA
NA
NA
362
NA
1141
NA
NA
43
NA
NA
NA
1411
386
NA
NA
NA
27
NA
5
27
NA
89
378
NA
981
525
NA
570
980
980
NA
23
32
538
670
2025
1835
32
NA
NA
66
27
NA
1
NA
NA
15
NA
1174
159
NA
9
NA
190
NA
492
NA
NA
NA
NA
598
3
NA
NA
34
NA
339
111
8
NA
331
NA
213
332
90
140
NA
NA
305
NA
420
NA
NA
NA
NA
2532
1522
47
1196
NA
NA
NA
NA
1
1943
24
629
NA
NA
2
275
1624
NA
1
513
1325
NA
26
174
NA
629
4
NA
622
1535
1
136
NA
141
835
NA
NA
142
NA
NA
3053
2
569
NA
18
3648
4
2
78
9
718
522
28
NA
NA
NA
7670
NA
13
NA
1357
9
14
498
NA
59
35697
1788
278
56
85
413
NA
152
89
NA
26
6
NA
NA
70
108
NA
28
2921
35
1326
NA
59
NA
NA
NA
2418
1144
NA
670
51
41
28
NA
76
NA
NA
NA
4
NA
52
1362
141
NA
94
62
367
67
72
1219
3197
NA
NA
NA
12
1
NA
647
1841
1398
1620
NA
701
NA
1029
219
NA
250
49
NA
NA
NA
7
NA
NA
NA
14
19
352
NA
NA
341
11
587
1
NA
66
1414
NA
NA
NA
21
2
7
20
367
3417
16
389
406
710
91
624
6
NA
12
NA
1531
NA
NA
NA
1200
NA
NA
63
219
NA
NA
1887
NA
137
373
NA
67
NA
NA
100
62
NA
8
NA
96
NA
661
2764
24537
14
134
618
NA
152
169
1245
NA
251
1042
932
32
NA
800
12
NA
39
4
1324
69
NA
150
NA
5
1
69
NA
NA
1378
14
NA
17
6
7
20
NA
120
22
NA
NA
NA
NA
4
NA
73
96
25
NA
102
NA
NA
152
NA
307
NA
NA
NA
NA
36
177
14
358
864
NA
572
NA
NA
49
268
NA
NA
6
528
NA
1
4
299
4
76
1230
719
56
165
16
157
NA
15
489
20
270
20
41
NA
NA
NA
7
29
2
39
4
14
NA
18
NA
NA
NA
NA
NA
812
859
144
NA
NA
NA
17
NA
NA
NA
650
7
NA
NA
NA
369
NA
10
NA
NA
449
1040
NA
NA
NA
NA
16
12
NA
1
394
968
28
NA
NA
NA
1729
481
NA
NA
NA
441
882
41
NA
NA
437
104
NA
NA
63
NA
NA
126
2357
312
98
72
406
39
NA
NA
220
NA
NA
881
NA
NA
NA
NA
1916
273
NA
708
158
NA
NA
NA
63
513
28
NA
13
NA
NA
289
207
2
NA
NA
73
1
12
NA
834
2
NA
NA
154
150
NA
NA
NA
NA
14
NA
36
204
NA
NA
NA
NA
NA
595
7
130
56
NA
NA
NA
NA
152
25
NA
NA
2047
3
162
NA
95
260
NA
1
2
NA
NA
1824
50368
122
92
1586
NA
NA
NA
2
48
214
3
1203
28
NA
146
NA
NA
NA
191
NA
11
42
NA
NA
NA
NA
2020
152
NA
NA
NA
20
324
26
2220
NA
22
11
NA
NA
NA
147
282
NA
NA
NA
NA
NA
11
NA
NA
NA
NA
NA
13
NA
NA
NA
NA
1013
1666
NA
14
110
NA
NA
76
6
1846
886
648
NA
66
34
101
NA
1106
922
1521
NA
686
NA
NA
272
141
254
6
172
5
112
66
6689
NA
284
116
NA
4
NA
NA
2
162
265
NA
NA
NA
567
134
NA
20
170
NA
NA
NA
89
NA
NA
177
8
2009
NA
NA
NA
NA
NA
NA
NA
NA
NA
NA
NA
NA
2
4
NA
45
883
NA
1
242
NA
222
225
28
NA
NA
1
NA
NA
4
NA
NA
126
5
864
912
67
190
NA
39
29
NA
16
2139
NA
NA
216
NA
2
NA
19
5
78
NA
517
NA
843
NA
58
14
192
515
2
194
1542
NA
260
NA
NA
15116
5
40
NA
126
NA
224
NA
NA
302
216
NA
117
23
NA
NA
NA
251
1404
29
NA
NA
NA
NA
12
NA
NA
NA
370
462
18
NA
4
NA
NA
394
2189
736
NA
1563
76
181
NA
NA
NA
521
NA
NA
56
7552
NA
130
2120
NA
2403
3
59
30
507
6
127
NA
631
124
272
277
8
NA
21
380
NA
272
121
116
NA
72
NA
NA
254
555
7
26
1
41
NA
2
NA
NA
39
140
6
NA
901
NA
NA
NA
636
764
NA
388
111
243
444
457
1308
57
4
NA
NA
4
238
8
1
NA
66
NA
336
168
1084
NA
97
340
640
60
NA
NA
NA
70
137
152
NA
21
78
NA
NA
5
36
192
NA
528
NA
NA
NA
NA
1381
44
NA
NA
NA
2
16
2079
4
121
316
404
NA
36
NA
1
NA
NA
30
NA
NA
64
495
155
627
24
NA
NA
NA
108
NA
10
67
58
NA
NA
NA
NA
NA
1404
NA
35
80
23
326
NA
104
NA
NA
1467
80
200
21
2838
17
NA
31
118
NA
NA
NA
NA
77
NA
NA
NA
NA
1438
2020
12
349
222
20
NA
227
NA
6
385
NA
NA
NA
30
NA
NA
3999
591
27
283
92
NA
NA
NA
NA
2
NA
2
936
1
435
3
1
20
61
5465
NA
593
186
851
219
490
88
5
NA
NA
NA
NA
264
774
1
2
NA
NA
32
339
1
1
NA
NA
21
65
32
NA
NA
9
2
22
261
534
259
1790
15
NA
75
3948
2312
NA
704
453
698
1184
16
33
78
26
NA
2
162
406
18
18
NA
2
NA
43
556
187
6
3
27
74
60
5
436
1170
5
1076
1
NA
1857
4
NA
60
3
NA
NA
450
1
1549
75
2085
514
1875
NA
1410
472
22
4
1
NA
NA
30
1459
8
2
1119
NA
1
1
85
NA
NA
NA
218
NA
NA
NA
24
NA
16
719
14
2
NA
16
NA
208
343
12
71
22
175
NA
182
1073
1071
3848
252
554
261
738
4
NA
29
2
172
NA
2
258
11
4
2315
2
NA
344
1
851
NA
139
45
NA
2312
NA
412
260
NA
40
206
1075
388
NA
376
NA
NA
NA
40
400
57
238
3
165
18
3
2
NA
1
11
20
1
2
826
4
5
144
4033
780
9
15
NA
NA
NA
4
NA
NA
NA
233
1
626
1655
28
118
NA
196
NA
NA
1402
991
1220
306
396
225
17
97
10
85
40
1
NA
NA
726
6081
NA
219
2473
1
1918
NA
158
15
2
10
1595
444
2720
34
NA
129
709
180
NA
80
696
NA
NA
30
34
NA
NA
NA
20
NA
19
NA
190
58
NA
11
718
33
174
NA
26
548
5
1192
2
758
105
22
1458
1825
143
9515
225
425
33
1123
14
17
24
84
71
242
23
477
3
NA
46
345
8
133
64
NA
76
80
18
2520
2
361
2201
12
NA
5
NA
NA
40
1028
43
357
1300
454
134
85
2
2
36
24
1784
396
195
1364
50
337
34
85
433
1
1202
20
NA
9
NA
NA
67
750
275
14
794
47
NA
123
621
1
1
NA
41
256
1272
16294
1306
395
NA
13
32
9
6
4
31
156
1
374
1160
154
32
8
NA
1
280
75
12
4
NA
NA
1338
128
116
2
9143
61
655
4
13
NA
355
78
NA
101
6
21
3
NA
NA
1080
NA
287
1381
33
2053
398
634
28
53
418
NA
6
NA
52
66
1
NA
41
NA
807
615
6
2170
90
NA
2251
2
48
65
2
NA
94
1
NA
NA
NA
934
595
2
4
11
25
1
122
5886
1942
710
34
20
121
635
892
NA
1
38
33
364
112
2
NA
534
425
NA
NA
912
1
NA
78
NA
7
5948
1
17
914
117
682
11
2
925
NA
36
NA
30
30
668
12
471
2
3
38
82
35
46
234
1045
1
2064
NA
1
NA
NA
5
10
668
NA
9
16
NA
2
11
38
NA
193
2041
438
9
113
2456
NA
55
1
154
6662
NA
193
444
106
23
713
184
207
1318
NA
NA
4
812
34
982
7
1741
168
505
48
115
NA
30
NA
195
4
NA
3
NA
1
1
NA
247
NA
1160
4
7
NA
29
NA
1285
3
740
5
1479
1
79
846
NA
99
105
11
216
220
110
16
32
42
1726
594
NA
3
72
NA
1839
NA
1
NA
20
413
3
NA
3914
NA
1
222
646
NA
2917
424
221
3
979
4
1
9
677
68
992
NA
1
392
190
NA
100
NA
24
191
369
NA
692
140
2
100
1
1533
231
61
186
516
78
40
88
3
3858
10
25
16
NA
23
294
NA
12
868
51
9
3
5
25
1105
3
146
743
NA
38
NA
117
32
NA
22
1
237
693
NA
1541
54
110
NA
23
23
2
NA
4
2
1016
49
9
126
143
11
497
757
2
NA
2
NA
117
4350
NA
83
NA
56
17
31
1118
10
124
NA
17
69
NA
975
22
NA
122
NA
417
276
137
269
4
5
4
209
18
NA
348
NA
197
471
281
26
2
20
4
275
2
1
NA
7
10
2
NA
1874
85
773
127
8
NA
NA
98
4
592
1
277
452
50
67
NA
269
108
69
2197
NA
NA
2
14
13
NA
30
739
5
506
1
NA
7
11
29
2
300
15
NA
102
50
3588
1274
NA
261
592
1
238
18
263
NA
NA
1
18
NA
2
34
338
NA
151
37
645
457
4
3360
NA
897
3
327
NA
5
NA
424
506
NA
NA
381
450
NA
NA
538
NA
9
16
603
468
NA
86
23
NA
301
160
NA
NA
1917
24
165
1
255
1
1220
406
298
383
373
NA
858
126
NA
2334
18
314
196
247
1
529
11
226
114
NA
36
2669
NA
106
12
1440
10
73
1
3
NA
1277
3
1
27
31
NA
123
12
30
NA
NA
169
NA
NA
549
NA
57
27
NA
1
2341
487
NA
44
9373
8
NA
NA
94
2
2
1
181
NA
4083
NA
1
NA
5
NA
180
NA
61
2
28
NA
183
8
2
NA
48
1745
505
78
27
2
NA
5
125
12
9
3369
4439
126
1589
1
207
22736
NA
16
2
NA
NA
98
NA
3
1069
585
3
NA
3
NA
42
101
323
NA
NA
NA
2
227
56
844
51
1620
458
104
NA
169
52
2629
158
NA
949
53
253
NA
20
2
120
1
191
3
NA
36
NA
1
463
NA
92
331
5661
391
60
2
NA
NA
NA
294
2
1
NA
566
4621
161
6
28
83
NA
2
59
137
40
NA
8
1
61
3
5801
720
68
5
NA
1068
NA
468
NA
7
6
438
2
NA
462
286
399
1
2
1
NA
5
11
15
NA
12
NA
NA
3
459
NA
NA
NA
11
490
174
12
207
164
25
203
2421
491
505
95
117
139
186
NA
NA
NA
1
473
204
NA
NA
20
246
NA
NA
1
305
28
130
NA
NA
NA
NA
312
NA
136
355
15
2
3259
9
194
296
NA
6
1
NA
2
904
NA
107
7
2
14
406
1412
1062
562
1
NA
120
14
NA
194
1
123
2
10
3237
NA
1989
6
NA
NA
NA
2
NA
NA
13
152
88
152
1
16
107
458
NA
329
NA
68
154
74
NA
NA
21
1
117
NA
3
32
NA
697
131
564
464
NA
104
76
288
39
347
756
143
317
873
NA
962
NA
1310
NA
47
306
166
NA
4
NA
NA
3
495
4
66
NA
272
82
207
190
1
286
2
502
1
232
10
33
262
248
319
NA
NA
3
23
1
115
NA
3
8
1945
520
270
316
704
195
18
3
447
NA
52
36
7
326
1932
1817
NA
3
341
44
40
244
NA
NA
1
1
1
4
13
67
665
28
5
NA
NA
13
57
125
1
699
849
3
1
216
719
2857
2279
12
511
NA
666
NA
NA
14
222
589
465
NA
NA
66
841
12
1196
690
73
157
152
63
NA
3
2
5963
6
2
1
117
NA
NA
NA
753
11
1
NA
14
56
486
524
1195
9
1
NA
NA
1
193
6
NA
30
60
1
NA
NA
NA
NA
611
NA
NA
81
211
48
5
NA
NA
NA
3510
2510
170
93
NA
NA
171
NA
NA
NA
79
NA
NA
NA
2
1794
NA
2559
NA
755
NA
NA
32
NA
182
11
6
239
NA
7
NA
34
25
NA
NA
NA
297
100
920
168
NA
65
NA
NA
NA
7431
NA
119
44
22
NA
NA
NA
806
12
289
920
360
153
NA
NA
16
NA
NA
NA
64
248
NA
NA
NA
54
1777
150
NA
236
32
NA
NA
173
8
29
482
246
153
NA
NA
NA
NA
2
534
135
165
7
30
1182
32
868
1015
206
NA
2
58
1
2997
589
NA
3
NA
154
609
221
534
517
684
271
703
NA
NA
1302
410
525
NA
NA
126
NA
403
8
431
NA
130
724
NA
NA
59
NA
1152
460
1
1884
2031
759
198
2
NA
2280
931
NA
NA
NA
182
NA
6760
NA
NA
96
NA
NA
NA
15
123
NA
NA
NA
2
NA
NA
85
255
3547
168
NA
1111
NA
1
4
NA
327
1
NA
209
1
4
2
NA
NA
382
21509
NA
14
NA
NA
NA
NA
NA
4
53
84
NA
NA
1
23
2
222
1
20
25
202
NA
702
NA
186
NA
NA
NA
3065
NA
NA
NA
NA
NA
NA
32
233
NA
NA
58
NA
648
94
12
438
44
96
NA
NA
1174
NA
969
174
NA
40
NA
308
433
NA
34
6
3
NA
NA
195
580
129
5
62
238
166
5
18
1870
14
5
41
1775
NA
NA
467
219
62
NA
NA
208
5
100
26
NA
12
669
23
498
1135
190
NA
129
582
22
NA
NA
28
NA
NA
99
639
NA
18
168
220
NA
NA
25
NA
353
25
684
104
18
NA
NA
NA
26
NA
NA
8
6624
NA
6
1604
NA
700
130
3296
NA
164
92
NA
176
110
NA
NA
2
NA
NA
NA
52
49
77
NA
NA
NA
NA
45
15
NA
33
36
NA
466
85
NA
36
27
NA
20
8
NA
118
108
NA
NA
158
NA
237
121
1098
NA
286
NA
NA
NA
76
1245
NA
864
113
13
899
244
745
6
6232
250
NA
25
3424
106
239
NA
87
486
53
141
31
247
NA
1328
99
4670
NA
NA
1243
NA
NA
NA
220
1310
20
6
117
NA
158
267
NA
NA
NA
15
274
837
445
3
2
228
NA
84
NA
10
NA
121
NA
NA
NA
NA
NA
NA
NA
NA
NA
6198
NA
NA
NA
NA
345
6
NA
NA
1712
771
159
142
718
117
754
8
29
NA
138
999
742
2579
736
42
12
796
3880
NA
NA
NA
132
118
364
59
NA
NA
536
15
30
NA
NA
2365
553
NA
30
310
NA
306
NA
NA
NA
NA
NA
NA
NA
3960
312
79
1201
242
3
NA
3
NA
NA
NA
NA
131
58
NA
146
1976
NA
8
NA
NA
NA
1028
222
10
NA
12
216
NA
1265
NA
NA
NA
NA
8
22
NA
135
NA
749
NA
NA
67
599
NA
12
NA
153
368
370
NA
503
NA
NA
NA
1
NA
NA
NA
NA
NA
NA
NA
NA
1000
171
145
373
115
306
509
24
22
10553
8
NA
478
4
8
384
38
NA
NA
NA
NA
NA
2335
NA
17
862
NA
NA
85
77
175
NA
113
127
NA
2048
468
96
NA
NA
115
212
75
NA
341
775
1969
2
654
2
1647
NA
396
368
8
1506
NA
NA
50
13
NA
NA
NA
NA
NA
114
172
933
1
NA
NA
NA
NA
587
NA
230
63
245
NA
NA
NA
84
NA
NA
1
6
NA
NA
693
NA
NA
NA
763
8
7
800
340
793
1166
NA
NA
NA
NA
816
8
NA
106
NA
532
NA
NA
46
NA
NA
131
NA
NA
NA
95
825
101
1558
NA
3586
NA
NA
14
970
6
289
3094
103
NA
NA
11
NA
8
194
1
NA
1
6
829
NA
38
NA
NA
NA
258
112
142
NA
NA
32
1
251
183
353
7
NA
159
35
NA
96
NA
1
1
9231
18
469
548
NA
3
NA
699
1736
4
123
NA
40
43
172
NA
282
NA
NA
NA
605
1394
273
NA
NA
NA
NA
NA
1
130
NA
NA
NA
NA
7
NA
NA
1
2
585
NA
120
NA
NA
1485
NA
NA
NA
112
316
1196
11
178
NA
NA
NA
734
934
NA
19
NA
19
NA
61
NA
NA
108
NA
NA
NA
NA
NA
NA
NA
79
NA
25
NA
68
107
886
NA
1
249
NA
NA
NA
NA
724
1144
NA
NA
834
1953
2
NA
199
NA
NA
794
952
391
3
234
11
NA
NA
NA
2897
60
20
1023
141
29
2388
2825
1880
2337
19
1
NA
NA
101
69
170
NA
327
8497
1310
NA
791
22
NA
NA
56
189
NA
NA
NA
9
NA
NA
NA
745
NA
2
2583
32
55
NA
13
NA
NA
15
172
408
18
78
58
NA
NA
NA
3
4
12
204
26
704
NA
203
1
NA
27
NA
NA
39
874
1378
15
1
115
1
3
206
468
NA
NA
NA
NA
329
5
534
NA
NA
NA
700
1021
2127
1179
NA
NA
4030
NA
NA
NA
1
431
NA
NA
654
NA
NA
NA
3
1
NA
1
NA
89
1729
579
3
NA
2
62
NA
NA
NA
170
1188
604
232
478
260
219
29
3
120
NA
11
739
NA
185
NA
NA
15
NA
NA
NA
6
NA
3
1084
NA
339
78
1998
258
36
NA
6
3
1335
11
138
1374
NA
408
NA
NA
693
132
268
NA
1574
NA
10
180
858
NA
NA
5462
822
336
34
431
NA
22
38
NA
41
NA
NA
NA
NA
14
3633
480
NA
2348
150
NA
NA
NA
779
NA
NA
2
1395
60
NA
NA
NA
528
2
447
463
7
13
1
3
988
NA
NA
239
NA
6
NA
17
NA
1647
120
78
NA
NA
3050
NA
34
NA
6068
NA
214
403
473
10
420
19
263
NA
NA
NA
NA
86
39
1
20
3
108
NA
373
36
197
NA
20
56
835
NA
1366
16097
617
489
307
115
49
510
263
459
304
2773
885
NA
NA
NA
70
NA
NA
114
NA
NA
NA
1
282
406
6866
531
NA
NA
NA
NA
NA
NA
NA
217
53
45
NA
NA
1232
65
6
7452
90
108
254
115
NA
NA
NA
37
82
2
230
201
60
82
97
3514
NA
NA
1133
2
62
NA
NA
267
NA
6
59
NA
1233
1801
10
NA
110
1
190
125
106
88
2792
286
NA
269
60
NA
30
1
NA
545
419
1
79
2617
1422
439
169
401
82
350
894
50
NA
440
4
40
NA
59
NA
1561
NA
676
2612
211
186
240
514
30
423
5
NA
139
NA
NA
132
62
NA
NA
16
2187
550
NA
2
786
3052
33
NA
NA
13
24
274
20
2
NA
NA
301
74
NA
43
114
27
NA
7
71
215
871
462
2622
1650
174
16
87
593
197
NA
NA
NA
855
NA
294
16
45
52
NA
NA
278
271
3100
16
NA
NA
526
NA
17
98
1854
91
1
7
150
305
2
46
92
411
NA
14
NA
NA
63
95
229
388
285
2
40
399
339
1033
27
102
48
NA
1422
15
NA
1833
269
3
258
84
654
263
NA
1047
710
67
1388
NA
NA
348
176
2758
13
NA
625
835
NA
24
33
4235
31
2
133
39
216
175
NA
65
271
186
970
476
50
6
122
67
447
1711
736
477
27
12
179
141
173
10
11
154
NA
NA
96
NA
82
48
NA
133
84
58
22
1550
86
199
43
7
70
192
NA
NA
710
472
177
317
1
139
272
1
1058
NA
59
608
6
1
NA
361
58
4926
116
419
70
22
58
3180
764
348
138
212
14
357
NA
1
NA
11
586
60
727
29
239
4
1799
299
NA
104
NA
571
1
NA
200
755
238
198
NA
NA
1
124
647
NA
104
126
NA
2
282
NA
199
478
2325
185
2
1589
3132
1331
71
557
16
288
877
424
947
2007
258
2
NA
NA
NA
NA
215
NA
171
35
3
84
4
355
571
572
34
68
NA
857
6
337
47
228
199
NA
486
395
43
371
199
88
71
37
30
228
4
22
4
217
185
570
389
NA
NA
NA
NA
10
6
56
167
37
26
176
326
89
61
NA
219
4
12
666
4076
266
400
NA
9
136
658
7
NA
84
NA
1049
160
72
11
NA
130
600
NA
357
NA
NA
NA
NA
256
122
839
2600
1255
76
483
1124
791
NA
1644
766
52
44
696
569
20
NA
NA
67
129
439
26
140
6
296
NA
NA
134
192
263
52
213
218
187
NA
1148
808
574
170
3066
NA
NA
159
1095
591
66
986
NA
352
9
108
19
3
753
4710
5
342
NA
1067
31
4
24
44
467
10
NA
1
422
62
NA
426
1027
375
NA
99
166
938
146
3
917
649
338
202
1292
151
NA
NA
560
20
724
NA
227
71
229
NA
2
116
452
144
NA
NA
1
3
39
6091
187
NA
192
74
174
476
56
16
NA
213
110
535
1
58
NA
129
NA
NA
592
1199
NA
NA
1024
103
18
NA
299
66
56
183
182
343
69
21
1
781
160
29
34
8
635
NA
339
100
3188
NA
NA
10
510
218
NA
NA
92
1712
902
NA
NA
352
NA
15
38
1843
5
2
421
2363
776
362
3475
NA
NA
128
366
3
18
140
26
66
252
NA
NA
NA
1313
NA
384
NA
216
36
393
NA
3
20
54
13
12
126
3
285
72
724
89
9
8
1347
25
296
38
37
NA
NA
2
NA
NA
NA
2
865
939
1
NA
NA
NA
NA
7
NA
3
NA
4
NA
1
NA
NA
NA
NA
1
NA
NA
NA
NA
504
NA
NA
NA
880
NA
NA
922
4
NA
NA
NA
NA
127
1
4
NA
702
NA
NA
NA
NA
NA
245
NA
NA
NA
NA
NA
NA
5
NA
NA
1567
3
NA
NA
NA
1
NA
NA
1968
411
1
1679
NA
NA
1
NA
1
NA
NA
NA
NA
NA
96
NA
NA
534
NA
NA
NA
NA
NA
13988
28
1
28
NA
NA
1436
NA
1
34
NA
2
NA
NA
NA
1
NA
NA
NA
1050
3315
12
3
6
NA
NA
NA
80
NA
NA
4
306
2
NA
126
NA
11
21
NA
NA
242
NA
1627
NA
NA
71
221
NA
163
NA
NA
NA
50
1
357
41
1
7
1015
NA
10
1390
158
35
NA
1569
3
137
NA
NA
NA
20
395
560
16
NA
478
NA
388
NA
NA
303
2075
198
226
NA
113
105
521
223
105
4327
NA
NA
NA
2
186
1163
NA
22
392
41
NA
882
58
NA
266
127
1007
108
NA
1875
62
NA
NA
NA
282
146
305
286
27
NA
NA
NA
NA
390
683
55
NA
NA
618
NA
103
5418
128
719
264
NA
NA
67
295
NA
NA
NA
72
1
NA
NA
NA
1
28
127
NA
NA
2
240
3
519
NA
1257
NA
219
223
NA
188
NA
NA
22
458
152
148
2
NA
NA
NA
NA
NA
273
NA
NA
NA
436
133
89
NA
414
NA
3667
NA
NA
802
NA
98
1
1053
288
161
21
NA
2
710
390
NA
663
622
1107
NA
NA
13
NA
332
NA
2
712
181
750
NA
7
2
5
NA
NA
NA
NA
5
221
NA
178
NA
453
60
303
NA
NA
NA
4
110
467
NA
7
NA
NA
142
202
95
131
NA
150
56
NA
6
173
NA
NA
2142
161
12
19
213
NA
16
104
47
NA
NA
NA
NA
109
NA
NA
NA
15
NA
2
2
NA
NA
1541
238
NA
108
114
13
NA
3
5
395
NA
5
291
NA
NA
3898
554
1
183
NA
7
NA
NA
1365
6
NA
24
288
76
NA
68
154
NA
637
NA
68
34
NA
752
13
NA
120
NA
4
621
10
118
NA
626
NA
NA
NA
NA
10
89
NA
201
NA
63
72
6
469
118
NA
NA
NA
NA
NA
76
23
629
NA
33
614
13
530
181
226
28
1
272
4
8
480
968
924
521
NA
20
1
NA
2
NA
NA
NA
8885
NA
5
1
270
2
84
41
NA
273
30
1
20
NA
291
2
NA
NA
NA
1756
NA
114
NA
NA
1
NA
NA
NA
NA
NA
NA
NA
NA
NA
NA
NA
3251
587
NA
NA
854
NA
8
NA
274
14
18
46
165
NA
206
NA
37
1
1
NA
NA
NA
764
36
17
NA
442
203
40
71
3456
6
NA
619
4618
777
NA
NA
18
NA
NA
1218
92
NA
192
NA
NA
23
2
NA
NA
97
64
NA
3466
54
90
NA
260
NA
NA
NA
NA
NA
NA
1
512
NA
877
282
4
NA
NA
683
180
22
61
NA
NA
NA
1102
NA
1
NA
NA
476
257
NA
280
182
NA
335
68
43
428
30
57
NA
NA
150
1
1595
693
NA
NA
NA
28
226
NA
NA
3548
NA
30
102
NA
3
391
NA
6
NA
335
1
99
24
NA
17
184
102
59
NA
NA
214
3
NA
NA
NA
348
NA
72
114
10
NA
2
16
NA
NA
NA
2
NA
6
354
1
1723
414
NA
NA
NA
NA
NA
678
2
103
3
NA
NA
189
NA
NA
1
87
NA
NA
NA
NA
NA
12
116
NA
1776
33
146
2927
1277
6
NA
14
260
1
NA
132
NA
NA
NA
2
NA
806
1376
NA
3837
2
NA
NA
271
251
NA
70
2
157
NA
56
NA
NA
NA
1173
NA
8
NA
NA
9547
NA
572
4624
223
949
NA
NA
1295
NA
1584
148
248
104
280
219
859
NA
NA
117
11
1662
301
4
NA
2
7
NA
NA
166
49
498
18
1116
262
NA
2
2
283
33
306
2310
NA
NA
NA
NA
359
79
1
252
568
181
202
1112
712
NA
71
NA
611
604
374
NA
12
NA
313
8
NA
37
82
70
NA
NA
1245
3
31
6
1
49
395
2
NA
446
360
5
NA
NA
NA
NA
14
1568
NA
NA
NA
NA
13
NA
154
70
2248
2098
2
13
1025
1144
201
44
NA
1
NA
82
208
NA
873
994
108
405
674
4
582
340
44
NA
NA
101
NA
696
NA
NA
NA
1252
NA
NA
142
50
25
2
NA
NA
14
387
136
2473
NA
224
347
NA
24
NA
18
1608
139
NA
NA
100
28
NA
61
45
NA
12
120
NA
456
412
17
NA
NA
NA
3
NA
1190
189
105
NA
5
56
NA
32
NA
849
307
20
166
249
NA
NA
54
354
11
NA
19
NA
177
30
9
31
6
NA
143
NA
694
1776
NA
362
144
NA
NA
NA
NA
616
NA
27
3
1
96
NA
120
83
114
1653
72
NA
1140
17
983
665
4244
NA
NA
NA
NA
480
61
20
13
NA
3
3
1
NA
13
NA
15
NA
NA
623
NA
47
651
NA
7420
2
NA
2601
1
127
389
NA
110
18
1380
47
NA
1929
NA
418
NA
30
209
114
1158
NA
37
NA
NA
NA
NA
NA
266
NA
2101
NA
NA
225
NA
3
NA
NA
72
NA
NA
7
34
2288
NA
1
1563
7456
1
NA
274
453
NA
379
356
9
96
42
69
286
NA
25
32
NA
NA
NA
NA
NA
1396
9
578
163
NA
519
1
101
1
NA
142
8478
3975
NA
NA
98
NA
NA
315
NA
NA
84
NA
NA
NA
NA
21
NA
324
839
346
386
535
448
28
NA
89
118
NA
NA
NA
NA
7
23
247
3439
39
NA
13
132
264
461
NA
696
NA
354
NA
328
1
1189
NA
NA
NA
NA
322
NA
NA
NA
10
4
NA
410
NA
1
121
NA
NA
14
NA
383
8
20
116
NA
NA
623
NA
NA
351
14
NA
1586
264
359
1967
128
51
NA
NA
NA
NA
NA
NA
NA
340
7
86
NA
3
NA
24
36
6
NA
NA
2
NA
NA
147
8
3
34
NA
NA
NA
71
845
NA
119
NA
528
23284
1
288
4
NA
NA
10
NA
2499
8
310
NA
466
378
840
NA
1326
NA
NA
97
49
320
NA
417
180
NA
194
NA
846
23
76
270
174
NA
NA
875
NA
NA
88
NA
972
5
NA
NA
3540
81
NA
NA
34
25
1208
70
NA
108
120
2
3
2
4
NA
7
218
353
42
89
82
1
13
NA
597
149
914
8
1
69
1
289
571
781
256
4070
338
397
1
144
246
128
NA
692
106
7
11
NA
889
106
44
132
1618
112
36
1471
10
2557
156
2
NA
282
4
190
6
18
NA
354
60
120
21
419
1545
1882
6
307
1158
9
618
1
NA
40
3
14
NA
245
359
540
NA
NA
132
2
2491
70
96
146
662
113
137
173
42
213
14
24
NA
13
771
865
472
1
127
2676
452
5
2212
214
66
20
1694
18
508
61
NA
2
498
150
819
53
78
NA
28
6
98
7
2
231
NA
48
143
3
NA
329
17
2
393
100
NA
2
433
331
1
275
203
27
246
458
6
346
683
70
1
527
4
106
1249
193
17
2
204
4
65
212
147
NA
NA
147
248
156
284
342
130
NA
1
734
4
1387
NA
8
1
748
16
13
358
113
1
NA
56
1997
1
14
1920
NA
110
16
NA
14
9
120
26
2466
205
149
105
NA
1125
880
451
NA
513
71
143
168
3
NA
NA
5
11
206
411
59
27
76
212
150
NA
NA
44
NA
1305
325
160
1666
153
68
854
424
NA
124
3
1427
54
19
73
966
NA
981
200
NA
NA
6
184
567
56
54
476
NA
113
27
414
504
191
NA
452
5
14
NA
4
16
NA
NA
2512
109
321
13
8148
4
18
1917
366
819
NA
261
86
152
1
544
106
NA
79
45
NA
24
13
213
557
NA
2
NA
NA
131
2724
10772
NA
3
7
309
40
3052
183
99
1635
4188
NA
NA
84
2
NA
1
10
110
2465
438
56
7
452
NA
NA
152
3
408
8
5163
3
42
147
107
59
41
286
163
6
NA
105
20
52
11
28
NA
6
14
NA
NA
491
194
3
NA
101
NA
2
1
933
484
52
199
1
1
1397
5
NA
363
672
541
87
NA
70
26
5
1398
741
68
116
51
NA
NA
7
318
NA
1
28
452
2069
54
160
66
275
2
10
1
34
139
112
72
9
142
79
441
NA
5
663
35
NA
180
NA
337
2
1020
NA
NA
5
NA
2
NA
7
247
13
4235
62
1
9
62
12
48
1
816
8
459
76
NA
535
NA
124
NA
151
43
70
NA
696
28
380
164
246
29
1
171
2
195
206
37
NA
2324
NA
428
NA
558
1
37
906
NA
77
209
134
846
1172
55
383
1644
694
581
357
1
376
40
467
NA
1
42
72
363
70
64
2412
1
84
782
4
113
586
431
3363
11948
162
45
718
15
5
1
38
40
202
15
593
339
94
17
177
1
1
7
143
88
NA
964
274
1192
138
39
NA
290
556
70
68
170
167
NA
24
185
13532
9
NA
143
22
1
735
3
224
315
255
2561
93
398
22
106
603
338
535
NA
4
18
684
1
422
26
44
519
300
55
187
13
321
36
1
NA
18
246
120
NA
12
232
NA
10
NA
NA
NA
140
121
394
516
NA
4
185
NA
83
6
15
40
31
1179
20
NA
66
269
41
220
1696
1191
174
13
2
102
NA
2
25
5
285
6482
302
126
75
588
402
422
2
905
2
170
25
2065
4
2136
20
578
88
1154
9
4
1153
2
640
286
50
6
113
42
33
NA
1749
18
3
24
1325
85
4
508
1
45
465
41
59
3
NA
538
5
4
655
12
10
7708
62
19
15
14
24
160
1928
6
NA
1
24
492
3730
300
4495
2125
NA
2091
1
96
358
1605
349
142
9
102
104
169
492
2
509
2442
12
77
NA
1674
11
78
30
NA
6
NA
1
NA
35
NA
5
NA
848
62
57
809
17008
16
8
366
91
103
395
111
NA
253
11
76
30
210
216
653
22
65
72
NA
150
43
208
29
4087
1
688
91
7
141
813
262
6720
70
NA
11
149
1
524
323
22
6
2537
25
432
65
243
NA
NA
13
1004
71
56
4655
212
61
9
841
NA
490
30
NA
71
2
NA
25
NA
12
226
56
358
636
19
663
55
550
7
345
1574
NA
33
18
441
22
8269
6
1
258
52
NA
2
106
NA
62
5
126
61
116
89
2
1099
81
92
NA
132
NA
188
NA
295
80
144
57
22
17
23
NA
3
7
636
67
150
2901
2
12
2781
517
139
1
891
674
720
115
66
102
1434
NA
234
NA
56
61
663
102
20
354
768
NA
76
420
151
3
187
13
59
179
284
88
98
NA
920
60
418
94
16
1891
1
804
498
33
7
NA
951
261
200
5
151
6
NA
919
840
7265
194
33
728
415
1456
98
2
63
NA
NA
259
NA
653
335
129
NA
978
80
NA
NA
2260
50
NA
88
101
1
882
NA
5714
457
NA
NA
399
238
16
136
191
466
NA
1
224
NA
305
1338
74
1206
15
3
14
19
17
672
391
NA
13
380
NA
500
8
44
NA
4
60
1
405
20
210
455
4
326
790
874
1
NA
NA
NA
128
30
NA
186
82
110
126
NA
1
NA
1037
20
278
NA
NA
103
382
737
360
727
444
628
30
NA
144
180
7239
422
NA
NA
32
NA
428
2550
30
1477
6
NA
NA
20
14
50
NA
358
4924
2
2164
14
NA
NA
NA
NA
NA
NA
62
NA
NA
NA
144
21
NA
NA
48
NA
36
NA
2695
67
628
1324
NA
6
270
59
3
354
133
32
249
264
NA
NA
NA
NA
1
40
401
389
NA
NA
712
104
NA
NA
NA
NA
NA
NA
62
603
16
496
400
154
2
11
335
671
NA
NA
419
NA
3325
300
NA
NA
NA
NA
NA
982
63
192
6
5084
NA
797
2367
NA
246
25
860
345
NA
NA
146
NA
1
NA
NA
575
1391
NA
127
1756
NA
NA
20
NA
NA
NA
NA
NA
NA
NA
338
NA
1128
4680
2641
11
2
585
182
65
161
NA
347
1356
NA
338
316
251
NA
NA
NA
NA
NA
NA
NA
NA
242
42
13
NA
NA
4
NA
NA
NA
NA
NA
108
174
NA
437
80
303
2
376
NA
2380
320
5
2295
364
2
NA
348
NA
1
1040
342
217
NA
NA
660
48
334
429
206
1
NA
44
13754
NA
227
13611
NA
35
1499
NA
1149
NA
1
78
336
4
96
188
1092
758
NA
NA
85
236
282
1294
NA
NA
1113
876
985
76
8
640
53
1492
47
354
NA
302
986
82
398
NA
NA
NA
NA
849
NA
370
62
326
654
201
119
2293
NA
NA
1
NA
NA
NA
NA
3
772
148
NA
NA
1524
NA
1
65
NA
NA
901
1
7763
72
NA
NA
7
NA
NA
NA
258
NA
2
850
367
NA
16
NA
NA
730
249
13
NA
6
NA
127
37
630
NA
NA
NA
11841
287
9354
66
NA
83
77
524
5
1180
1584
NA
10
140
888
798
NA
1618
378
NA
NA
427
694
NA
NA
588
213
NA
29
497
NA
39
1
610
161
NA
NA
NA
NA
NA
6
1257
287
2
NA
375
NA
NA
NA
NA
110
NA
15
3378
578
690
NA
1888
331
147
4443
157
NA
NA
2
NA
1
139
NA
484
9
1404
NA
NA
298
7
NA
22
76
45
741
10468
2
224
320
20
NA
3
888
256
NA
3
NA
NA
13
NA
NA
NA
NA
161
19
1
55
350
1084
192
NA
947
NA
NA
208
NA
251
20
90
158
3041
25
NA
3
3810
222
1235
63
NA
27
NA
395
NA
4
NA
NA
NA
12
4340
43
NA
NA
2889
5
2
6
NA
19
51
NA
1102
29
888
NA
27
NA
2476
12993
NA
NA
3
NA
NA
NA
NA
91
5
NA
852
NA
330
332
NA
8
146
NA
287
429
NA
102
416
NA
202
931
22
NA
601
NA
NA
413
70
698
197
817
NA
286
4
NA
NA
7
NA
122
7
278
263
1470
NA
467
NA
NA
306
NA
294
1664
NA
131
116
935
52
NA
NA
NA
NA
480
748
91
1
NA
NA
NA
NA
NA
NA
216
NA
14
2
NA
89
17
483
701
615
NA
NA
NA
316
NA
135
27
NA
612
NA
10
271
NA
NA
1244
NA
NA
NA
3709
1425
59
112
NA
NA
NA
NA
NA
NA
1621
68
484
1169
741
141
NA
15
52
265
26
336
2094
2027
NA
NA
891
NA
29
NA
165
21
3
NA
NA
NA
NA
NA
263
NA
NA
875
74
233
NA
NA
646
NA
NA
NA
1
1596
46
22039
70
24
894
989
NA
NA
2486
27
15
18
27
1542
42
78
448
NA
4
470
148
NA
NA
1848
NA
NA
NA
1183
1041
NA
5
492
NA
NA
NA
NA
NA
12
NA
NA
NA
166
NA
133
NA
NA
69
NA
NA
142
NA
1
NA
NA
476
31
15731
NA
640
12
54
489
NA
288
39
NA
NA
91
214
2
23
357
NA
56
84
415
NA
NA
NA
1
928
317
NA
1
2874
362
228
NA
1613
NA
24
NA
NA
1455
21
596
20719
NA
NA
NA
119
7
633
911
232
NA
149
2
449
90
83
6
31
167
111
NA
NA
461
212
446
248
NA
29
507
NA
NA
630
NA
418
1141
NA
NA
NA
3
443
1243
335
1256
458
798
NA
1
7
259
861
NA
207
6
NA
NA
NA
NA
1
NA
220
NA
156
NA
NA
NA
993
28
34
NA
NA
NA
1
NA
10773
238
7
1
2025
4463
120
555
7769
NA
NA
236
NA
37
83
1106
264
266
245
NA
2644
21
NA
749
NA
1204
NA
NA
170
NA
NA
537
NA
10
NA
NA
NA
NA
NA
NA
24
1519
NA
NA
NA
24
38
18
1
NA
NA
133
15
593
350
NA
396
6
1188
28
753
341
NA
12
987
NA
NA
390
NA
NA
76
705
NA
NA
NA
238
NA
70
868
15
25
304
260
NA
NA
NA
318
NA
NA
1007
NA
67
412
95
11
NA
NA
48
NA
15
158
NA
866
125
NA
NA
NA
2
NA
784
NA
55
NA
NA
73
3
65
6
230
NA
282
NA
1
NA
1
NA
NA
860
745
733
22
904
NA
NA
366
105
26
NA
34
NA
NA
NA
NA
NA
70
582
122
11
10424
41
NA
790
NA
30
636
171
NA
NA
480
3
NA
632
917
6
462
45
8615
18
21
NA
NA
NA
NA
NA
113
NA
NA
150
65
1178
NA
NA
124
74
53
NA
NA
NA
NA
268
164
NA
27
56
NA
NA
NA
NA
NA
2684
289
15
518
39
NA
NA
1
1075
NA
NA
2
NA
1003
592
598
145
1380
29
145
NA
NA
NA
NA
360
NA
2300
778
157
32
210
164
NA
2873
4049
54
164
163
225
2124
NA
NA
NA
3
NA
NA
NA
NA
3
NA
NA
305
218
17
NA
NA
NA
25
NA
30
NA
NA
NA
2
194
693
30
581
251
102
226
NA
1375
50
NA
134
480
60
NA
518
308
NA
NA
2570
NA
NA
1
53
479
21
NA
379
1
2
230
395
621
NA
268
NA
NA
NA
NA
NA
NA
24
NA
NA
77
NA
3042
75
855
15
56
NA
1
596
NA
NA
NA
NA
678
4
NA
3822
74
388
331
NA
NA
NA
NA
6
31
1435
NA
NA
235
13
166
1
NA
NA
133
206
1075
NA
NA
NA
NA
311
NA
83
NA
1
294
NA
47
84
334
483
NA
3
69
64
43
299
290
NA
1020
1
NA
716
411
NA
NA
1331
308
41
NA
NA
NA
35
NA
128
NA
NA
NA
12
NA
7
NA
11454
NA
280
342
NA
1501
NA
NA
NA
NA
745
NA
58
3
NA
1036
15
NA
11946
41
485
5997
1
62
141
359
60
487
620
1188
408
NA
NA
NA
NA
1008
NA
2939
NA
NA
NA
2392
38
784
96
338
557
25
28
NA
6
248
NA
60
NA
NA
140
781
227
120
4
97
NA
15
NA
414
NA
NA
NA
78
1273
NA
6
NA
1
122
82
NA
12
NA
NA
NA
NA
NA
NA
667
903
NA
NA
NA
NA
NA
NA
NA
35
3397
2156
246
NA
NA
10
348
NA
212
1343
6
NA
951
262
360
19
NA
NA
NA
1
NA
NA
1131
1166
NA
2348
NA
NA
138
12
NA
725
332
3
NA
172
NA
3114
456
NA
9
171
NA
NA
NA
4
NA
46
NA
642
1256
10
NA
1958
1
NA
NA
NA
NA
NA
NA
319
NA
2167
220
NA
4
376
28
NA
21
NA
NA
103
NA
NA
NA
56
NA
1
5
91
422
828
1315
344
NA
NA
NA
2
59
3441
NA
NA
288
NA
755
2791
1674
61
NA
90
36
340
1896
1421
101
88
208
NA
NA
NA
435
NA
NA
NA
219
2
1104
858
3080
NA
284
51
NA
136
NA
10
1246
2
32
76
47
4
6
NA
821
133
NA
NA
56
496
NA
NA
NA
236
NA
NA
68
NA
85
NA
NA
237
24
1
11
296
NA
NA
NA
251
141
NA
1
222
NA
152
271
7
145
NA
57
1586
NA
25
NA
NA
NA
159
NA
NA
690
NA
544
NA
21
123
4342
NA
651
62
NA
29
NA
528
13
1
17
4683
248
2259
NA
NA
NA
NA
1094
46
NA
NA
23
665
NA
1415
NA
NA
NA
420
155
NA
1013
NA
8
NA
NA
NA
NA
NA
958
939
3102
24
NA
154
NA
NA
116
180
NA
6
NA
536
39
924
164
1009
116
NA
14
38
157
1598
NA
451
849
NA
390
73
NA
1979
298
256
61
21
NA
47
1011
2
NA
NA
NA
5240
NA
1134
NA
NA
34
NA
21
NA
2659
NA
362
780
49
15
38
1
43
32
36
211
192
138
19908
NA
42
1
21
588
NA
133
NA
NA
NA
247
23
688
135
361
15
143
2
NA
1682
NA
90
173
519
5403
326
123
612
3600
59
49
NA
178
130
204
1
NA
598
1747
NA
NA
66
66
724
NA
1
638
878
241
40
9
933
169
37
145
NA
6970
NA
10
315
804
90
30
1
NA
119
121
1585
34
76
792
59
146
2
NA
17
1088
1116
904
27
1
NA
2695
NA
470
1
28
24
14
1
553
102
110
4885
52
32
101
118
141
4302
103
310
NA
10
25
193
6
394
764
519
308
147
NA
31
935
251
4
204
168
616
252
33
112
1
2005
70
438
31
1
1386
15
15
50
1
751
1858
61
NA
896
NA
3513
NA
299
557
NA
1912
2
1601
14
NA
691
35
652
1
41
2
501
NA
19
5
1382
1370
150
136
16
11
388
400
NA
758
461
62
166
1382
258
37
3642
NA
77
61
468
1
NA
34
2798
NA
1
1
4
NA
168
88
350
180
364
2683
113
NA
2
180
369
3384
92
16
1
750
2054
37
236
299
624
166
245
391
9
282
303
22
NA
299
692
147
4765
NA
NA
169
1470
45
202
1890
147
594
324
200
1
1
319
1693
69
4205
366
268
310
127
NA
286
361
87
4
NA
1465
1
11
2
NA
990
2120
48
922
11
11
2336
NA
6
6
203
313
18
76
74
5
NA
NA
85
135
2920
1236
67
1896
526
1030
841
101
259
113
NA
25
12
16
304
151
191
NA
9
2
10
6
NA
12
419
146
NA
136
NA
664
132
454
4
NA
2
NA
146
2349
312
864
635
347
NA
NA
216
431
70
2
4200
14
NA
149
93
438
264
NA
38
162
9
771
NA
20
98
NA
1203
24
NA
11
277
210
10
1221
812
NA
497
113
158
453
NA
337
1749
182
124
14
NA
6
475
7
89
58
1853
199
278
450
16
285
1966
30
187
364
169
75
NA
NA
2
NA
1136
1812
91
3084
716
16
NA
228
NA
127
171
NA
318
1
NA
NA
17
1
4027
NA
62
466
14
1
252
155
110
683
36
564
NA
1278
162
12
88
NA
155
94
116
194
1
341
439
1
317
18
703
3376
392
366
91
681
NA
246
61
13
109
122
10
8
194
356
2095
82
337
791
146
2221
133
196
NA
542
1168
346
80
NA
NA
NA
135
288
56
64
71
87
399
NA
33
230
639
36
43
NA
55
608
119
97
1412
74
1
13
1
206
14
3
NA
1487
643
14
2960
725
494
5
478
NA
NA
NA
NA
NA
301
9
36
1870
2557
1646
932
NA
224
1477
223
64
570
5
340
266
412
1
NA
7
1244
250
16
203
792
3173
1798
16
408
710
NA
10
135
12
11
479
3
556
106
52
2570
126
6696
213
NA
5798
NA
NA
624
217
50
160
184
515
170
38
5
5
155
316
1040
1000
NA
634
219
35
1439
NA
NA
670
1128
NA
176
11
4206
NA
56
3
290
184
432
62
107
269
35
NA
452
86
154
49
2
42
201
NA
NA
36
156
1410
112
304
90
124
694
116
1076
235
462
NA
13
62
588
475
33
NA
321
68
NA
4465
746
1
NA
14
NA
12
595
473
55
4
400
17
131
1026
1373
44
95
1623
2
1175
73
2
11
2311
2
110
429
3752
NA
250
37
2
539
133
699
NA
NA
NA
80
137
41
NA
1021
NA
NA
26
740
44
206
802
251
3
NA
NA
17
12
1403
NA
1
NA
16
2218
NA
398
2679
194
43
17
1
3
421
79
723
252
7
538
2
45
2457
426
5
278
69
921
934
204
232
345
1
240
59
295
585
126
4
132
105
NA
56
2661
20
48
466
1288
557
108
12
NA
294
173
59
14
54
126
276
1393
409
465
953
NA
244
254
375
4
44
1
1
NA
416
30
31
1804
154
NA
116
248
95
1
285
1
NA
303
155
214
12
105
226
NA
223
2666
711
1
NA
495
228
446
1928
NA
28
97
99
2586
82
7
314
8
280
314
1272
877
26
1900
288
918
NA
118
10
69
217
814
99
4
207
42
5
2361
679
649
23
230
12
47
52
12
NA
4104
20
NA
428
284
NA
129
NA
297
46
99
48
1759
6
237
85
52
7282
676
600
13736
44
10
1
NA
48
21
NA
539
95
1888
223
64
256
NA
1600
132
NA
154
188
18
1030
467
102
15
NA
NA
54
208
190
NA
298
544
4
110
4
NA
172
256
109
44
213
38
222
69
23
220
103
8
136
NA
NA
82
NA
NA
648
NA
878
53
174
102
80
741
235
1193
2548
5123
22
12
NA
79
481
77
31
1020
NA
264
385
NA
1690
495
29
163
31
618
1
85
63
1396
1
NA
156
7
76
NA
80
272
82
509
164
1
2139
1258
6
566
201
76
2828
113
1881
45
22
NA
NA
1553
NA
9
36
NA
393
NA
22
253
41
22
NA
1155
42
921
2245
NA
10
393
2
258
5
912
730
1
NA
45
32
4352
22
13
NA
35
50
6
1569
55
223
88
1353
162
4
323
3
NA
1170
26
76
52
NA
490
NA
38
70
122
113
95
NA
33
NA
21
88
898
564
7
1
109
131
7
280
166
NA
763
206
218
45
10
3957
738
NA
2289
472
31
1
640
125
39
33
NA
35
4
20
1
640
NA
805
NA
96
3048
94
165
917
1120
415
NA
929
NA
656
114
NA
NA
4696
NA
58
13
124
63
294
184
108
3
222
3
237
55
124
9
2
34
NA
2974
139
192
249
3
410
1683
314
1
2
464
238
3
316
66
142
157
92
1
102
NA
NA
13
789
38
34
210
519
NA
566
6
918
330
182
2817
150
426
NA
4
128
NA
5
30
14742
3823
885
1010
NA
1954
424
31
350
519
4
25
209
492
67
2797
1786
693
23264
3
56
NA
NA
256
261
130
415
NA
4
12
20
138
718
23
NA
86
340
3
706
21
1005
33
401
NA
22
12
475
642
184
82
27
1
NA
1335
93
1
106
128
954
12
NA
955
NA
NA
192
899
7
1178
NA
NA
1505
126
100
2
71
379
8
105
40
1492
NA
12155
1117
510
1
673
NA
NA
NA
266
NA
25
138
11
5
1491
NA
76
267
83
1
223
426
36
161
78
661
581
2452
4
210
2021
23
54
191
NA
3
NA
NA
780
1644
1286
NA
1
9
12
1055
44
13
NA
NA
NA
1923
NA
106
NA
2298
88
291
1
556
65
72
470
1566
NA
176
NA
NA
592
NA
668
1160
115
39
NA
NA
1
1066
608
10
796
NA
161
299
17
701
176
14
254
172
488
464
2109
345
11
77
NA
22
80
11
1
190
72
50
28
350
50
83
1114
152
276
94
882
1146
NA
NA
NA
NA
NA
787
522
327
NA
5
1111
NA
1680
NA
NA
NA
NA
258
151
51
345
257
327
NA
1
3
12
3
65
73
1806
1985
4
3
161
NA
1104
3465
63
NA
58
NA
523
353
10
135
57
34
10
1
49
20
33
46
NA
13
29
423
NA
149
99
NA
NA
29
1293
248
14
46
246
180
NA
NA
1360
NA
50
NA
NA
466
36
NA
1114
NA
212
NA
NA
750
1
591
201
4
3
NA
NA
NA
84
NA
306
1
456
92
47
17
853
158
859
12408
186
277
184
2
167
1110
135
NA
62
7
40
1080
2896
2
57
NA
268
305
NA
354
23
339
433
23651
55
14
30
14
NA
170
NA
133
264
NA
316
607
5220
NA
4
315
NA
53
NA
19
506
7
66
82
12
377
NA
74
2596
85
265
306
NA
182
586
2136
298
231
280
1
116
334
2360
1
39
580
851
26
584
146
NA
NA
NA
NA
2
14
810
NA
257
1078
304
471
NA
341
67
420
30
2
11
495
138
NA
1
NA
913
135
565
96
550
131
3461
900
NA
116
36
31
NA
389
6
23
NA
NA
312
1359
117
762
1360
279
NA
124
NA
1
274
3210
171
30
10
4370
30
73
NA
116
64
10
1
NA
118
52
NA
288
118
4
9
107
174
9
1
71
709
NA
71
50
68
3
4416
1179
456
162
1
140
111
102
89
96
1
231
NA
NA
478
NA
93
NA
1114
5806
604
220
608
1134
183
36
212
808
810
135
93
381
1070
60
NA
192
414
13
NA
4142
1602
89
826
152
11
42
NA
31
248
2423
1150
549
NA
167
870
182
1
2347
NA
NA
848
1
326
8
155
517
174
15
248
8
49
NA
105
4815
47
NA
NA
19
118
NA
785
160
17
804
NA
7384
NA
NA
1884
5740
31
NA
1
136
21
229
NA
39
3
2142
465
74
NA
1
395
NA
209
3
2193
35
148
NA
206
126
78
776
264
210
548
200
5367
84
17
NA
66
11
201
231
223
30
1
NA
NA
13
80
NA
456
292
374
349
1432
4
193
925
NA
NA
25
306
914
30
44
155
13
NA
2651
14
11
1
NA
427
3
NA
242
670
42
46
764
476
952
NA
2744
NA
1138
NA
NA
617
62
82
203
NA
1162
462
283
1
658
NA
1440
48
NA
NA
28
NA
2
NA
3470
150
2714
32
209
1556
2
268
1691
2982
514
382
646
2
88
791
823
NA
23
83
175
30
42
274
543
93
752
424
2
444
98
950
117
138
686
1159
NA
NA
316
NA
NA
1304
832
3
NA
168
149
462
75
163
72
223
45
15
15
110
1534
31
67
1796
1617
827
24
37
NA
268
75
NA
640
364
196
56
NA
168
231
90
7
226
1385
460
506
1240
497
978
1769
6
19
5
531
620
1
2050
13
1333
336
NA
12
52
1980
317
NA
6
110
114
11
1
NA
NA
1378
77
24
2726
NA
696
1278
2
734
158
1
850
306
4
67
257
NA
NA
2
249
225
2224
354
853
136
NA
50
118
134
NA
20
2928
21
1580
30
116
98
99
26
NA
220
466
104
1695
1761
NA
327
57
1179
456
NA
NA
NA
196
6
NA
1060
24
NA
105
117
335
255
206
224
8
225
10
409
2077
387
NA
NA
857
56
128
257
547
282
1737
768
634
1178
31
1290
537
12
2
757
245
658
263
160
4
91
363
561
615
1051
4
77
NA
1
228
1857
NA
1
1
788
523
836
203
282
42
470
5360
120
39
NA
48
50
NA
636
NA
71
143
103
683
413
332
9737
315
509
494
239
2036
3
38
1222
NA
1
13936
2590
21
497
NA
8
NA
271
2
224
298
14
151
43
123
484
2
1641
67
496
NA
9
442
20
207
1
659
NA
NA
819
57
235
63
433
347
NA
1090
951
NA
NA
233
114
1
81
53
151
47
1452
197
42
10
34
NA
23
138
NA
76
178
10
329
130
62
103
1
105
32
144
1
NA
25
5330
8
NA
98
4
22
NA
NA
44
NA
259
7629
72
137
131
44
NA
138
NA
6
258
1314
NA
680
339
139
1241
190
305
501
NA
189
5
1
527
2
NA
932
26
185
600
706
5
304
NA
37
21
17
125
3
NA
57
290
66
67
126
30
102
61
NA
8
634
243
NA
36
143
272
821
142
6
NA
NA
279
2447
94
242
2298
2
5916
180
3691
35
112
72
79
2
2
994
77
12
136
13
206
951
NA
2768
229
37
NA
843
3300
NA
NA
122
57
45
4
231
257
240
9
7
NA
117
248
1246
4
269
102
826
4
304
NA
NA
276
1198
188
20
1036
38
316
43
9394
24
577
848
211
2
NA
21
1
8
1812
4
4
68
NA
204
202
460
963
1212
1
294
140
NA
41
4807
NA
1644
NA
1716
98
536
4
612
NA
NA
623
516
882
118
3
21
3
358
167
28
7
444
596
111
342
120
30
4
5769
516
7
712
115
15
16
44
236
NA
365
10
275
4
165
231
NA
491
306
1595
147
209
540
67
91
427
NA
288
NA
NA
NA
NA
NA
2615
2
1
60
87
NA
286
128
90
220
68
40
NA
8
11
3
NA
45
NA
4311
1
48
NA
389
321
719
58
146
NA
152
3468
55
519
NA
114
300
NA
819
891
2
4142
NA
NA
NA
NA
498
122
1644
14
1
6
50
444
1
1734
370
24
17
20554
1826
NA
287
16
143
261
385
NA
17
321
NA
NA
191
NA
776
4
108
10
214
189
56
422
1
NA
40
NA
536
198
193
302
351
NA
40
189
29
NA
NA
NA
639
NA
19
10
NA
16
NA
66
1266
12
NA
NA
90
21
11
1
21
NA
36
NA
NA
8
240
45
414
536
NA
11
NA
505
346
220
NA
30
666
1335
NA
36
1
78
45
511
72
4
12
14
NA
14
NA
181
931
NA
8
1227
856
2825
178
32
12
145
4
1763
4
NA
61
31
1792
9
39
1218
2
216
NA
531
32
131
684
542
NA
70
1954
279
59
74
45
152
60
10907
44
418
76
14
291
126
7
156
69
NA
6
510
NA
214
2
2
610
631
573
118
978
51
NA
5
50
1
228
396
7
193
450
177
27
3
4460
1
111
27
NA
440
432
245
NA
127
488
1
50
3
36
9
NA
NA
1707
1255
NA
76
NA
NA
2
NA
177
30
NA
130
118
2343
144
2
NA
NA
NA
68
203
263
381
99
40
268
27
3438
994
3
222
NA
583
30
324
NA
1
11
5
NA
NA
NA
NA
NA
35
120
NA
16
3
1
NA
46
NA
NA
14
NA
8916
NA
2387
44
338
NA
858
521
264
816
43
469
90
69
1498
346
264
322
NA
833
2990
NA
234
445
257
38
28
9
1202
NA
242
19
493
NA
231
60
5
1072
NA
428
195
1
217
124
NA
12
60
1
444
NA
NA
NA
1068
656
2208
NA
NA
NA
23
20
77
252
877
156
96
NA
306
2
627
NA
48
645
26
3
114
24
168
NA
23
182
8
77
302
320
99
41
9
NA
NA
684
631
95
NA
7
202
834
363
6
314
364
NA
5
170
1457
11
529
1
104
98
24
365
NA
1252
25
NA
1089
256
10
24
539
NA
NA
1
2
327
4490
NA
157
96
NA
NA
NA
151
42
396
16
11
454
NA
277
NA
763
16
45
1
153
44
8
NA
NA
2330
1729
438
63
4
62
NA
128
11
NA
333
4
389
1196
38
NA
92
785
124
100
207
16
1045
NA
NA
1
5816
10
26
1458
381
NA
285
222
28
304
NA
158
121
8
566
404
1215
200
NA
39
2
248
5
NA
36
30
578
252
1216
4
689
379
412
850
493
114
NA
122
58
80
508
NA
836
NA
647
316
23
3
30
NA
NA
1816
NA
NA
20
732
1110
1
17
574
438
14
17
15
1180
18
NA
NA
12
1
NA
151
295
25
311
67
27
101
NA
318
168
220
254
2
17
NA
1
2475
NA
35
50
NA
91
NA
111
34
1012
781
NA
NA
222
2
980
228
63
1167
7
618
198
99
2364
NA
NA
581
18
120
NA
63
NA
67
151
1
7220
11
244
6
878
394
NA
1
2
1186
256
133
521
138
NA
NA
2
2
5
1095
161
2
436
102
18
42
56
236
59
13
162
966
1938
NA
513
232
NA
911
503
47
185
53
38
112
22
41
NA
NA
3039
NA
39
31
64
NA
106
8
4
NA
NA
1
NA
151
137
135
NA
6
NA
539
10
28
46
886
182
2
1
49
162
2
847
31
171
186
273
NA
404
99
20
NA
3967
NA
NA
65
27
8
18
1
22
158
5
6
3
NA
164
861
713
3
1
88
21
662
213
9
NA
NA
NA
44
2
388
52
NA
672
9360
922
210
1058
160
265
24
299
NA
2501
2584
144
340
1258
1944
66
NA
2160
245
215
1152
264
41
298
3
322
795
503
53
66
158
1
102
5
1468
146
3648
513
94
672
19
1
215
118
627
974
273
NA
1
208
130
502
1008
897
NA
189
13541
2
369
68
353
192
68
NA
58
74
2
98
4
5
215
194
104
499
60
NA
5
NA
3094
1350
54
NA
35
78
NA
6
64
107
860
35
1
249
5
888
220
108
683
88
125
NA
56
1544
77
361
626
2029
300
64
88
1686
NA
NA
251
11
68
73
211
4
NA
NA
3404
253
793
1
11
178
52
29
370
2
NA
NA
1
32
NA
3
198
328
35
1
23
NA
234
2222
2341
18
NA
222
NA
149
NA
94
55
NA
8
NA
5
398
180
NA
1167
NA
32
59
NA
4
NA
67
39
800
704
NA
2
NA
3
574
88
3
NA
72
1
466
NA
38
17
53
382
406
15
NA
2
717
173
NA
NA
NA
955
27
235
1057
238
NA
69
32
20
NA
72
3
NA
NA
247
208
NA
NA
NA
NA
585
252
411
577
152
532
94
28
54
943
NA
5
92
NA
118
NA
NA
3
27
100
27
112
17
138
106
395
NA
180
222
NA
579
NA
1200
NA
211
94
62
554
52
NA
70
36
507
117
453
NA
NA
78
210
464
6
243
227
128
947
685
5
50
NA
329
400
856
NA
102
123
127
2
125
351
1
878
NA
800
NA
NA
214
55
88
478
18360
12
2375
624
47
1930
140
5
234
82
NA
NA
NA
NA
34
55
3014
213
182
5
2
320
9912
732
88
36
6570
32
300
322
30
NA
7966
1
65
99
41
114
40
NA
385
741
41
9904
2353
188
123
638
NA
NA
4
59
5
NA
1410
105
NA
432
39
185
36
83
28
114
692
59
NA
75
NA
378
2
66
12
462
2577
9535
375
693
42
33
509
NA
29
101
10
19
94
606
1225
61
20
511
412
3135
52
4
679
27
149
26
6
100
362
2
477
357
58
135
1586
4
34
1535
1330
2587
NA
47
166
94
66
78
NA
330
145
1
77
378
48
28
NA
7
950
10
246
49
NA
2672
2
572
23
66
NA
8
8
30
23
27
159
NA
74
48
2520
60
45
5
4638
2662
NA
3
40
38
30
3
28
232
1
NA
NA
43
198
81
53
73
7
10
39
526
NA
14
429
836
98
446
1464
1
NA
250
414
368
30
78
16
341
NA
8
581
16
50
244
16
352
218
1383
NA
7
220
17
1248
492
121
297
53
13
556
3
585
NA
1
57
2654
NA
1854
123
12
226
21
NA
1256
160
356
213
3576
109
22
911
49
574
93
4
NA
47
60
22
428
784
NA
26
508
185
229
6
NA
152
1525
23
107
5
180
317
385
814
504
920
5
97
NA
102
180
140
152
72
19
33
47
312
2230
949
13
NA
818
246
593
4339
469
6
82
74
435
174
183
23
1186
82
442
282
80
1
4
2
190
NA
580
201
235
364
2079
234
133
1044
19
6
58
138
447
28
25
303
90
5
1261
726
380
28
NA
NA
1208
5
NA
2
28
188
NA
3
NA
27
1593
38
8
99
12
7919
180
164
1
1
1
81
217
82
NA
NA
16
8
22
NA
249
260
23
116
NA
44
16
410
518
92
NA
129
3
635
197
509
83
256
38
76
44
NA
277
426
5076
NA
798
28
2210
3
8
10
75
496
37
1
1
527
173
902
244
195
4
293
NA
9
206
13
597
250
382
NA
378
31
617
78
128
154
85
21
339
1950
94
17
74
109
65
391
10
3654
10
72
14
190
147
145
28
1701
1118
NA
NA
NA
65
444
26
12
NA
70
180
182
338
262
519
1032
72
75
29
13
567
133
NA
155
NA
480
NA
NA
107
1252
NA
136
1278
19
10
102
569
32
628
NA
28
139
127
50
308
727
108
NA
1
454
230
2
NA
395
4
NA
360
43
60
10
916
69
144
NA
334
317
234
227
1017
NA
NA
3
1056
249
300
2
1
20
NA
NA
7
230
4
24
254
3
211
606
4396
NA
6
NA
1487
5504
425
1020
322
412
206
323
259
30
3050
NA
NA
NA
1383
NA
100
121
539
10
NA
34
362
NA
977
1
1914
1
936
NA
1
NA
27
32
3
398
NA
2196
114
6
859
139
NA
432
681
NA
8
171
NA
171
209
1473
2
198
27
1844
744
72
241
14
33
2101
762
351
74
25
10
24
104
78
193
70
1937
11
81
36
117
178
92
6
53
171
176
NA
4
904
128
631
38
2
76
110
1
33
91
31
162
50
2
NA
102
107
4
106
15
61
3
209
NA
NA
NA
74
3
NA
22
16
12
54
240
530
93
434
7
3
280
802
357
5
636
NA
83
200
418
424
NA
NA
100
15
140
89
105
2159
129
6
20
71
297
1
183
666
11
16853
210
119
57
27
125
NA
424
483
74
40
34
196
NA
74
69
2
NA
255
1
1
NA
453
41
2480
20
26
2070
252
4
1342
57
416
111
435
605
89
558
1369
295
94
629
NA
14
33
NA
314
NA
32
55
NA
634
155
123
40
143
1
NA
160
1
38
7
136
NA
113
NA
4
1578
100
1198
765
1803
5
59
3
238
NA
472
482
NA
NA
95
287
25
62
112
1044
396
189
12
8
225
NA
231
652
12
2
4
244
50
NA
NA
10
4
34
308
47
233
714
345
118
11
13
NA
1
13
NA
800
11
NA
NA
44
287
9
NA
72
603
3
NA
4
82
52
NA
NA
18
NA
NA
768
NA
274
285
15
31
1203
12
36
572
NA
120
777
7
1
NA
1
NA
1324
31
NA
331
1
38
621
NA
3037
148
169
7
NA
27
24
9
140
64
1
302
517
39
92
2
2
1289
25
14
27
2
1
NA
18
86
288
204
192
69
194
75
152
NA
32
196
4
156
NA
3
NA
NA
3
NA
218
23
18
80
183
434
NA
16
960
621
NA
9
46
NA
9
NA
NA
1
66
31
213
5
NA
387
183
5924
18
267
13
86
NA
NA
1
62
23
24
2059
4
4190
18
228
278
NA
57
32
331
465
103
43
125
62
NA
376
9
8
NA
199
75
5
NA
NA
991
1003
1
108
10
141
31
2964
32
108
1
53
47
4
92
34
NA
593
429
1917
92
558
1
41
4791
68
459
2
82
120
NA
1
NA
3
NA
NA
NA
NA
NA
708
35
25
NA
535
62
95
97
107
2
123
286
65
336
120
132
321
414
NA
145
2
4
47
NA
78
NA
338
189
418
19
64
27
14
58
152
NA
1168
NA
NA
6
888
200
89
77
73
185
299
1221
NA
49
145
4
4
2
4
6
154
NA
NA
85
95
247
19
NA
18
1032
78
360
44
NA
8
287
NA
13
44
23
846
392
512
156
98
138
79
491
2022
27
100
60
157
17
NA
93
2
295
51
90
435
NA
21
NA
186
33
4
53
680
NA
4
13
15
63
2
NA
106
18
193
86
32
38
NA
NA
217
12
26
169
204
464
232
78
69
114
NA
3
615
NA
128
NA
35
276
483
443
54
96
350
35
57
151
71
16
136
354
1502
300
1
15
174
3
422
33
21
30
794
174
80
72
5
191
10
2846
1
NA
152
1499
50
376
32
205
2
1
41
228
124
262
805
117
13
336
572
38
5
79
102
2
171
NA
3
NA
2
9
25
NA
2
15
3
NA
58
52
81
126
151
12
17
668
11
31
138
136
96
1
NA
242
325
4
180
102
318
303
32
5
107
68
52
30
72
64
102
NA
99
18
1
5
161
7
84
274
25
378
554
53
36
1
100
1355
4
64
26
55
47
34
84
78
NA
1388
1069
236
274
21
133
276
5597
6
183
274
729
102
412
16
10
NA
NA
112
122
10
22
32
206
1819
34
NA
91
92
35
186
327
7
86
97
1047
22
NA
632
164
26
142
1
16
20
78
709
14
52
168
578
91
122
76
25
NA
18
2
55
22
837
65
498
6
9
57
18
82
NA
796
58
122
13
118
7540
134
101
98
53
123
255
40
3
982
1834
1080
NA
NA
269
680
288
NA
719
NA
2
60
NA
20
64
NA
NA
44
1518
164
1114
NA
146
NA
184
526
12
294
181
1819
248
72
720
NA
128
172
NA
8
759
262
NA
37
179
138
21
200
480
490
146
16
772
78
3
109
NA
NA
31
368
243
NA
174
50
237
572
44
2
430
364
294
50
30
24
416
NA
NA
28
135
1600
130
27
3
64
386
93
205
24
255
NA
20
14
122
82
161
89
216
2712
7
5
196
186
80
5
29
258
58
NA
556
311
4
230
50
642
918
34
49
85
25
76
116
22
24
160
885
197
8
196
5
NA
NA
13
NA
148
348
210
199
23
NA
310
29
144
165
42
42
174
2009
NA
270
36
5
287
41
18
102
6
8
34
45
14
164
175
1161
162
108
52
168
18
5
2050
100
831
15
573
61
3
248
13
36
149
1398
95
240
5
NA
480
1377
3
82
90
NA
62
2
96
3937
4
50
459
141
310
1644
742
1
NA
16
16
21
148
316
3
103
35
201
NA
32
NA
2
8
107
530
136
994
NA
63
NA
118
196
NA
54
20
134
41
NA
7
58
227
NA
195
96
115
1080
608
6
NA
44
742
171
1
104
41
6
37
648
129
4
12
22
NA
10
28
9
NA
276
3
9
233
195
NA
254
68
68
670
358
NA
77
81
15
23
77
20
18
5
818
43
10
186
129
86
38
481
11
3
249
399
345
866
NA
7
9
23
80
95
NA
22
NA
NA
197
81
134
401
94
214
40
246
314
96
159
55
NA
4
5
233
132
11
25
39
NA
36
161
19
NA
NA
1039
288
NA
88
NA
42
117
70
NA
199
33
5
120
NA
278
54
785
NA
116
15
204
9
150
329
150
196
1058
560
99
24
175
97
444
81
175
NA
4
3
7
156
2
76
117
300
48
26
108
85
NA
109
3
26
2
292
29
30
394
1479
753
17
140
20
NA
11
283
38
NA
1
NA
103
NA
28
159
NA
5
13
17
83
326
266
1
229
642
72
1
54
705
1
514
126
NA
37
27
1
150
585
4
179
139
NA
16
3
NA
116
131
4500
83
39
192
35
189
10947
76
8
902
25
150
120
89
89
6
11
22
18
NA
93
10
558
8
4140
282
1757
NA
NA
529
2
19
761
20
250
NA
2
295
1
1024
140
174
902
30
90
70
18
NA
NA
210
16
274
5
32
30
79
80
2
NA
43
167
218
5
381
NA
5
78
114
558
640
7
180
277
92
NA
1879
134
442
38
10
2
541
1300
23
110
97
52
2
7
92
26
24
19
183
132
771
174
234
NA
1
376
7
205
386
40
172
438
154
11
144
1
NA
19
19
133
3181
356
600
12
2
109
98
262
651
6
5
883
NA
2084
NA
105
279
276
876
154
1530
231
274
66
NA
36
122
191
NA
34
184
174
64
97
1194
14
454
NA
185
166
404
57
148
NA
NA
345
783
293
17
37
19
35
271
NA
7
66
19
5
955
431
2768
24
301
151
2
144
218
135
88
303
1266
408
341
308
180
146
NA
NA
48
59
80
210
1
561
68
NA
27
98
1
6275
NA
NA
1
554
1276
NA
55
34
938
52
378
NA
101
149
63
144
60
623
266
3
234
74
8
NA
7
42
237
298
111
NA
22
152
3
660
141
51
3
41
287
NA
143
65
101
382
14
4099
240
138
10
NA
3
10835
172
487
58
814
NA
534
NA
67
403
644
652
510
1544
5973
NA
386
554
253
645
779
493
NA
NA
44
429
49
398
NA
216
31
3
228
NA
149
185
12
171
69
1
75
984
NA
5
326
660
1447
1
336
1778
10
45
276
201
184
1896
1237
NA
50
459
1034
1244
65
97
50
23
332
101
NA
NA
689
72
42
143
210
62
3
9
NA
NA
2
25
352
450
NA
1
1
46
39
98
7
1410
1
330
180
3207
716
3211
1
393
NA
757
NA
244
NA
NA
456
NA
2446
NA
10
34
161
738
1369
908
294
NA
34
2107
30
208
3562
273
520
308
NA
NA
129
672
28
378
1328
23
40
470
20
858
963
260
35
1258
119
NA
67
396
56
1085
633
2
7
85
1257
1944
356
2275
373
41
92
34
408
NA
33
71
206
172
558
434
352
75
22
17
1792
1236
648
287
194
12
26
NA
3858
4
NA
744
3
NA
10
1098
17
39
7
1
NA
652
555
NA
597
216
1178
169
174
1
414
NA
NA
393
419
2625
6
64
NA
3
NA
1
378
189
NA
1
111
58
3428
82
323
168
86
244
3104
316
4
91
303
NA
2478
NA
229
86
NA
836
1473
9
3
1405
NA
564
105
333
82
NA
3
50
NA
NA
1652
699
1260
789
1114
77
52
144
731
35
529
3264
196
224
1
52
63
265
11
NA
NA
NA
NA
NA
NA
NA
NA
NA
NA
NA
NA
NA
NA
NA
NA
NA
NA
NA
NA
NA
NA
NA
NA
NA
NA
NA
NA
NA
NA
NA
NA
NA
NA
NA
NA
NA
NA
NA
NA
